NumCols:	10
A	0.531807	-0.0617924	0.133734	-0.0152815	-0.351788	0.147354	-0.0139003	0.0106265	0.664544	0.0461919
C	0.0581942	-0.0360391	0.0134275	-0.00122199	0.0371848	-0.098944	0.000905589	-0.00200246	-0.313998	0.0576156
D	-0.42242	0.482498	-0.0688593	-0.00690694	0.128705	0.571062	-0.00944238	0.00106502	-0.0350598	0.0487988
E	-0.408976	-0.302122	-0.0620598	-0.0138238	0.228748	0.381767	0.00218199	0.00463384	-0.160709	0.0160555
F	-0.313313	-0.0859439	0.0274025	-0.0019933	-0.195863	-0.72229	0.0176471	-0.0232691	-0.773575	0.162723
G	0.252055	-0.0106574	0.112897	0.00292852	-0.0411453	-0.147709	-0.00776329	0.00185468	0.0178515	0.0622052
H	0.0327454	0.059522	0.00977551	0.0040417	0.498245	-0.412273	-0.00183832	-0.0115288	-0.139167	0.352487
I	0.0391618	-0.0957845	-0.100551	0.00280631	-0.338448	0.615709	0.0158632	0.00557865	-0.0161841	-1.08417
K	0.959246	0.0631036	0.0481153	0.00374556	0.141624	0.0358882	-0.00758763	-0.0165386	0.283056	0.0930023
L	0.132265	-0.183895	-0.0851696	-0.000370898	-0.239518	0.00139831	0.0130663	0.00325537	-0.0712168	-0.267428
M	0.108992	-0.0426631	-0.156238	0.00268216	-0.291981	-0.0596344	0.0111491	-0.00467673	-0.0710236	-0.0456365
N	-0.395318	0.080255	-0.0730194	0.00680201	0.115483	0.135758	-0.0018565	0.000980787	-0.136073	0.158979
P	0.0915568	0.103718	0.0548769	-0.0149184	0.250589	0.40214	-0.00633472	0.013956	0.453307	-0.0827307
Q	-0.0765591	-0.13823	-0.0388873	0.00119185	0.256668	-0.0194202	0.00674843	0.0153301	0.419855	0.0589304
R	0.812989	0.0631347	0.0602482	-0.00692273	0.475347	-0.191919	-0.00462704	-0.0123137	0.671607	0.375268
S	-0.390168	0.0403444	0.000292665	0.00811121	-0.120003	0.16104	-0.0117864	0.0105595	0.342747	0.0449428
T	-0.532251	0.0588502	0.00504518	0.0123912	-0.232557	0.0699492	-0.00839018	0.013268	0.166212	-0.0925581
V	-0.233183	-0.0747888	0.0528089	0.00623347	-0.561763	0.445625	-0.000855376	0.0153688	0.140577	-0.482115
W	0.0449777	0.0803496	-0.0359996	0.00807947	-0.0126708	-0.455585	0.00711196	-0.0114529	-0.601925	0.100264
Y	-0.291802	0.00014084	0.102161	0.00242614	0.253145	-0.859916	-0.000291571	-0.0146949	-0.840826	0.477176


3.05186
