NumCols:	11
A	-0.0597841	-0.381665	0.0718289	0.0306238	0.240311	-0.153018	0.00406562	0.00464442	-0.0504216	-0.0477639	-0.158322
C	0.0015454	0.0406165	0.0416462	0.0221611	-0.025694	-0.00747464	0.000385185	0.00131443	-0.0173351	-0.00963469	-0.0201682
D	-0.00824335	0.144037	-0.0255092	-0.0937433	-0.0323814	0.119094	0.00318459	0.00675953	-0.0409804	0.0389717	-0.0455227
E	0.0235681	0.0959678	-0.000623572	-0.0703357	0.0352202	-0.0627694	0.00132795	0.0063309	-0.00562221	0.0262231	0.0695083
F	-0.0221358	0.0110026	-0.0288659	0.129022	0.0291776	0.130943	-0.007512	-0.00915838	-0.021435	0.00139142	-0.0169374
G	0.0128767	-0.0471014	0.0440452	-0.0769422	0.0360391	-0.0346627	0.00191017	-0.00227698	-0.00117383	-0.016512	-0.0691437
H	0.0167069	0.147626	0.0908834	0.0160128	-0.191368	0.125709	0.00196058	-0.00327966	0.0425178	-0.0639741	0.237759
I	-0.0579919	-0.120044	-0.126673	0.236847	0.141845	0.0958486	-0.0042846	-0.0012978	-0.00825907	0.0594816	-0.103389
K	-0.0213438	0.0820494	0.143327	0.0937641	0.0239315	-0.061747	-0.00203751	-0.00463482	0.0445021	-0.0392474	0.330298
L	0.0466953	-0.0279009	-0.0454912	0.119593	0.0113482	-0.0267781	-0.0082889	-0.00714442	-0.0137273	0.0380273	0.0200821
M	0.0198542	-0.116258	-0.00122861	0.0667827	-0.060135	0.152137	-0.00426482	-0.0090661	-0.0119172	0.00314609	-0.381423
N	-0.00303803	0.07866	-0.0355372	-0.148415	-0.400743	0.0478117	-0.00160037	-0.00366919	-0.0188072	0.00255032	0.0678964
P	0.000933054	0.0204612	0.0196431	0.014874	0.123482	-0.0281084	0.004317	0.00994582	-0.00738153	0.0167268	0.0489468
Q	0.0601447	-0.0616019	-8.91052e-05	-0.201674	-0.0667863	-0.254617	0.00169022	0.00322226	0.0384269	0.0113077	0.0372922
R	0.0151295	0.203336	0.217003	0.143021	0.0839073	-0.112298	-0.000657206	-0.00480596	0.0850657	-0.0617963	0.352473
S	-0.0519135	0.0275409	0.00797535	-0.254622	-0.0125406	-0.0919416	0.00718838	0.00429107	0.0232553	-0.0241974	-0.124727
T	-0.0123102	-0.00281587	-0.0624504	-0.117555	0.066465	-0.0438075	0.00608253	0.00839427	-0.00818968	0.00827822	-0.14577
V	-0.0070741	-0.184993	-0.192774	0.0859768	0.145111	-0.0231737	-0.000475477	0.00495888	-0.01528	0.0392628	-0.165201
W	0.0215352	0.0455677	-0.0523582	-0.00100794	-0.0995571	0.116496	-0.00129042	-0.00108948	-0.00482446	0.0202881	-0.0587544
Y	0.0248457	0.0455161	-0.0647517	0.0056166	-0.047632	0.112356	-0.00170092	-0.00343878	-0.00841322	-0.0025295	0.125102


4.3925
