NumCols:	8
A	0.45064	-0.619856	0.306598	0.444489	-0.74598	-0.450184	0.0771406	0.106603
C	-0.434837	-0.138785	0.0465537	0.0796907	-0.0339951	0.135327	-0.245881	0.0498102
D	0.592613	0.387719	0.0568714	-0.0166396	0.193123	0.511088	0.181842	0.0550874
E	-0.552518	-1.23656	0.11414	-0.29128	0.245866	0.41771	0.344195	-0.0033597
F	-0.959851	-0.0168111	-0.104789	-0.133326	0.0277102	-0.0895903	-0.580966	-0.0498562
G	0.349843	-0.151549	0.235827	0.496727	-0.516307	-0.299779	0.241381	0.0500145
H	-1.22823	1.43868	-0.166664	0.0253104	0.145898	-0.109854	0.133193	0.132652
I	-0.0591507	-0.505923	-0.12437	-0.469122	0.00114548	0.0542721	-0.344176	-0.538704
K	0.48341	0.832937	-0.130841	-0.348459	0.0673321	-0.552902	1.00071	0.0150981
L	0.210051	-0.469676	-0.133567	-0.727571	0.132071	-0.0494907	-1.03071	-0.311877
M	-0.21895	0.0930863	-0.176386	-0.537441	0.0187526	-0.0575032	-0.506983	-0.186873
N	-0.00260814	0.289819	-0.0712647	0.240803	0.0389806	-0.112789	0.285714	0.0588213
P	1.85511	-0.335263	0.410621	1.04758	-0.13376	0.136896	0.506479	0.0572153
Q	0.0980632	-0.454517	0.0954609	0.00471041	0.111796	0.0642263	-0.0261117	0.0141879
R	1.4074	1.0376	-0.082849	0.0681155	0.104465	-0.229433	0.522202	0.165667
S	-0.615727	0.0508246	0.128717	0.425289	-0.015956	-0.0372597	-0.186997	0.0909495
T	-0.17458	-0.224744	0.0622809	0.210707	0.0628705	0.13128	-0.0635704	0.0732731
V	0.130947	-0.613447	0.0567532	0.0306167	-0.10732	-0.0659958	-0.0391738	-0.142158
W	-0.555623	0.270046	-0.1994	-0.128423	0.269753	0.294953	-0.208856	0.112462
Y	-0.775997	0.366421	-0.323692	-0.421771	0.133555	0.309029	-0.0594276	0.250987


3.83521
