NumCols:	9
A	-0.222811	-0.929506	0.245447	-0.138346	0.239902	0.0137191	-0.118059	-0.194709	0.101328
C	0.0368426	0.191264	-0.00974343	-0.113492	0.0511051	0.0805992	0.0512486	0.260037	0.132456
D	0.456797	0.568522	0.477402	0.387677	-0.104449	0.0595442	-0.401728	0.175967	0.239181
E	0.473221	0.344077	0.283218	-0.0340891	0.200892	0.0714435	-0.161015	-0.182782	0.0884545
F	-0.450958	0.0244387	-0.253626	0.0443521	-0.0740786	-0.0836788	-0.128205	-0.214234	-0.252297
G	0.156796	-0.136938	0.277169	0.289858	0.0629679	0.0825408	0.376016	0.556836	0.12062
H	-0.00899789	0.21237	-0.0718789	0.069249	-0.0678092	0.179979	-0.0882356	0.0849097	0.325298
I	-0.0801597	0.0386482	-0.582285	-0.132509	0.282337	0.0516161	0.115105	0.0251724	-0.84355
K	-0.0900778	0.315258	0.426139	0.0738087	0.247212	0.0883729	0.415962	0.377653	0.246792
L	0.0280167	0.0160926	-0.526503	-0.180668	-0.276428	-0.0902387	0.0518916	0.00568711	-0.654779
M	-0.0857052	-0.743078	-0.50123	-0.103235	-0.527403	-0.203187	0.184419	0.13477	-0.832235
N	0.0698564	0.0447826	-0.150657	0.111905	-1.38318	0.156318	0.0776603	0.118629	0.0308221
P	0.587108	0.541435	0.109355	0.28251	0.130743	-0.0301726	-0.107861	-0.663086	0.339335
Q	0.221171	-0.358251	0.154365	-0.0651386	0.00905522	-0.0581886	0.0768021	-0.0265053	0.107757
R	-0.116009	0.360756	0.492599	-0.0858224	0.440612	-0.0570024	0.255465	0.449421	0.594512
S	-0.322095	-0.78104	0.314568	-0.0671584	0.00108661	0.106797	0.000519618	-0.0370823	0.152145
T	-0.0354268	-0.177316	0.187198	-0.143629	0.275369	0.00322009	-0.287707	-0.353164	0.216467
V	-0.0760295	-0.171824	-0.261565	-0.353518	0.212968	0.0322336	-0.0140919	-0.144825	-0.357484
W	-0.0849043	0.527909	-0.31989	0.0228604	-0.0594628	-0.227446	-0.100618	0.0251232	0.0236282
Y	-0.456634	0.112399	-0.290082	0.135385	0.338561	-0.17647	-0.197569	-0.397818	0.22155


5.37812
