NumCols:	10
A	0.0563449	0.191563	-0.289607	0.00796574	-0.252612	-0.0541023	-0.0350545	-0.0695814	-0.040759	0.139215
C	0.00821271	-0.021332	-0.042319	-0.0132101	0.0880461	-9.07256e-06	-0.0490347	-0.0111663	0.00345408	-0.0326364
D	0.00951308	0.315636	0.0143593	0.0717652	0.242546	0.0218796	0.060934	0.00333268	0.00285893	0.0793809
E	0.0225858	0.0663306	0.0214668	0.0830989	0.175704	0.00801222	0.0539849	-0.00674755	0.00886883	0.0855635
F	0.0611512	0.140787	-0.0054894	-0.237132	-1.26559	-0.0096637	-0.452638	-0.00121161	0.0287643	-0.169952
G	0.0295736	-0.807897	-0.0354117	-0.0583119	-0.306195	-0.0014846	-0.0593484	-0.0218347	-0.00738767	0.0268639
H	-0.0905336	0.0482113	0.262867	0.0150749	0.0463709	0.00705221	-0.00406857	0.0592856	0.0176557	0.189919
I	0.103438	0.398527	-0.18948	-0.12838	-0.38638	-0.00720438	-0.0760184	-0.0429836	0.00876674	-1.10504
K	-0.130848	0.53657	0.16471	-0.0199593	0.0719323	-0.0162501	0.12131	0.0746106	0.0281533	-0.103821
L	0.0848239	-0.0595658	0.148761	-0.00253793	0.144663	-0.0119911	0.0407506	0.00188862	-0.00915228	-0.106297
M	0.0448741	-0.16846	0.0905336	-0.0916107	-0.0850796	0.00290104	-0.0555201	0.0240421	0.0129762	-0.223165
N	-0.00141809	-0.275853	0.152901	0.0741381	0.654385	0.0265595	0.0636131	0.0104646	-0.000267524	0.161722
P	0.000110661	0.585917	-0.635155	0.21068	0.331759	0.0220881	0.27283	-0.00108551	-0.0134769	0.160079
Q	-0.0233113	-0.431194	0.0341415	0.173988	0.486428	0.0181432	0.190983	0.0200434	-0.00779284	0.248466
R	-0.252109	0.401929	0.129763	0.00794609	-0.52106	-0.0170553	0.171696	0.125484	0.0559146	0.237869
S	-0.00500292	-0.446648	0.0441302	0.167668	0.178184	0.00305427	-0.0238936	-0.0302246	-0.0384938	0.187913
T	0.00813271	-0.264527	0.0144631	0.0992433	0.463682	0.0076323	0.0282543	-0.0530644	-0.0623527	0.243439
V	0.0791031	-0.0956846	-0.15801	-0.00408136	0.207736	-0.0139787	0.0280983	-0.102571	-0.0282504	-0.0805447
W	0.00576015	-0.10508	0.074661	-0.091834	-0.0565997	0.0179062	-0.101838	-0.0060264	0.0166093	-0.0512412
Y	-0.0104015	-0.0092295	0.202717	-0.264512	-0.217917	-0.00348924	-0.17504	0.0273457	0.0239111	0.112271


4.93027
