NumCols:	10
A	0.169709	-0.40884	0.0988378	0.0538478	0.265289	-0.0186184	-0.0515832	0.00673526	0.0916261	0.0249624
C	-0.111601	-0.0465109	0.0492061	-0.0134031	0.112295	-0.00884696	-0.0248158	-0.0568571	0.0274914	0.0402819
D	0.208062	0.241763	0.113089	0.0153289	0.0749055	-0.0116812	0.072913	-0.12161	0.0255444	0.159495
E	0.18776	0.123451	0.0616905	0.0101001	0.0228643	-0.00266659	0.0552343	-0.0820603	-0.0554088	0.132052
F	-0.220649	-0.0117606	-0.0338242	-0.0189415	0.0456167	0.00434132	-0.220328	0.0398193	-0.200748	-0.118624
G	0.0328288	-0.243249	0.119911	0.0541328	0.0770674	0.0154624	0.0131828	-0.034749	0.240014	0.0634729
H	-0.184516	-0.152541	0.0708233	-0.0215842	-0.129268	-0.0179676	-0.0396211	0.0340735	-0.0352169	0.0979694
I	-0.0751812	0.210677	-0.397698	-0.0522408	0.194739	0.0857755	-0.0221652	0.0711702	0.244624	-0.468554
K	-0.164568	0.173165	0.108441	-0.012542	0.0471925	0.00660129	-0.017177	0.127199	0.0901661	0.111386
L	0.00994464	0.160737	-0.223778	-0.00915547	-0.0622185	-0.00743633	-0.0594087	0.0928691	0.0265058	-0.178913
M	-0.11592	-0.161298	-0.181267	-0.0225945	0.000302807	-0.00502941	-0.0255564	0.0171391	0.108977	-0.271742
N	0.0090739	0.172339	-0.0414364	-0.0215053	-0.506334	-0.0530807	0.127426	-0.00718279	0.114701	0.0881102
P	0.400121	0.28244	-0.208162	-0.00281649	-0.0248887	0.0540212	0.125837	-0.0944511	-0.210174	0.165464
Q	0.147908	-0.133029	0.0101962	0.0241724	-0.196206	-0.00567905	0.105086	-0.0606352	0.145166	0.10071
R	0.127128	-0.0490614	0.341528	-0.00449271	0.178984	0.0261591	-0.0674494	0.0782609	0.232843	0.184529
S	-0.192094	-0.241855	0.102602	0.047773	-0.0865475	-0.0234115	0.1128	-0.0425818	0.0508185	0.0335344
T	0.0549719	0.0772622	0.210204	0.043658	0.00619508	-0.0353849	0.0966354	-0.00393084	-0.124921	0.0611985
V	0.0771888	0.0994948	-0.0744063	0.00863156	0.0988415	0.0216162	0.0300702	0.0590238	-0.173752	-0.180227
W	-0.130299	0.07182	-0.0552578	-0.0410339	-0.0391625	-0.00509683	-0.0257602	-0.0495279	-0.157858	-0.0421156
Y	-0.229868	-0.165005	-0.0706989	-0.0373347	-0.0796678	-0.0190774	-0.185319	0.0272953	-0.440399	-0.00299047


4.61376
