NumCols:	9
A	-0.185611	0.365311	-0.197447	-0.232844	-0.303571	0.0335509	0.243579	-0.419713	0.432927
C	-0.165141	-0.103399	-0.0464501	0.0241081	0.319533	-0.0025276	0.157492	0.131	0.229291
D	0.53424	0.230285	0.70336	0.0763911	0.363146	0.0362444	-0.0828264	0.0910079	0.330043
E	0.641453	0.233587	0.174041	0.0779556	0.438054	0.0346914	0.0784303	0.100143	0.116894
F	-0.393349	-0.418072	-0.401042	0.114046	0.454964	0.0107636	0.448754	0.121486	0.161264
G	0.0203962	0.0209071	0.303053	-0.0293701	-0.16588	0.0579073	-0.151677	-0.0338851	0.271255
H	0.208496	-0.207702	-0.233439	0.0630685	0.269084	-0.0574979	-0.304962	-0.115759	-0.0819417
I	-0.109001	0.0468032	-0.436128	0.0936703	-0.25075	-0.0211797	0.409882	0.286451	-1.21869
K	-0.564306	0.190424	0.283148	-0.126305	0.659758	-0.0897035	0.293416	0.25481	-0.19894
L	-0.0589262	0.153823	-0.192498	0.0960347	-0.353864	-0.00339184	0.292989	0.26753	-0.905594
M	0.236102	0.145109	-0.531749	0.0897735	-0.92441	-0.0426205	0.0863158	0.130032	-0.702912
N	-0.227529	-0.052449	0.0445812	0.0489293	-0.12405	-0.0233569	-0.35384	0.0314524	-0.00815062
P	0.888353	0.111027	0.777742	-0.211734	0.546355	0.063496	0.314678	-0.0728382	0.534196
Q	0.262442	0.330175	-0.341952	-0.0275123	-0.298158	0.0337024	-0.569982	-0.0599862	-0.0519417
R	0.236526	-0.0850303	0.225172	-0.108382	-0.0660163	-0.14798	-0.0119953	0.0787841	0.163643
S	-0.584041	0.283523	0.0886354	-0.0401619	-0.616857	0.0263282	-0.796635	-0.401602	0.121624
T	-0.0528028	0.360352	-0.114337	-0.0448865	-0.389921	0.0760476	-0.672611	-0.366256	0.181041
V	0.0713503	0.193513	0.0906464	-0.0356315	-0.650486	0.0226059	0.103659	-0.0359141	-0.385709
W	-0.135013	-0.284786	0.00763746	0.112682	0.262615	-0.00141767	-0.00316244	0.0929226	0.319958
Y	-0.623639	-1.5134	-0.202974	0.0601692	0.830454	-0.00566235	0.518496	-0.0796647	0.69174


5.11007
