NumCols:	11
A	0.728347	0.00015204	0.000394024	0.127671	-0.00733649	-0.000944894	-0.382839	-0.000774912	0.515428	0.277828	-0.295717
C	0.680384	8.86741e-05	0.000743467	0.316074	-0.00171353	0.000371283	0.00989767	-0.000400576	0.0822466	0.0302804	-0.0126796
D	0.0569031	-0.00118719	-0.00191457	0.532012	0.00172738	0.000396108	0.0670793	0.000255611	0.214243	-0.0398424	0.0942414
E	-0.156253	0.000743371	-0.00106717	-0.276282	-0.00327859	0.00060804	0.0106951	0.00069504	0.138639	0.00511169	0.0408886
F	-0.446874	0.000211465	0.00659021	-0.758456	-0.00255041	-0.00201374	-0.0266321	-0.00123036	-0.0967707	0.0146412	-0.1748
G	0.453689	2.62226e-05	-0.000351875	0.755119	-0.00372275	-0.00201422	0.0187608	-0.000750745	-0.0890958	0.0269708	-0.0228597
H	0.252593	-0.000146454	-0.00223709	-0.399715	0.00517006	0.00130698	0.194582	0.000144641	-0.233659	-0.0686986	0.425113
I	-0.929495	0.000235678	0.00571957	-0.00308559	-0.0119376	0.000581593	-0.214284	-0.00110071	-0.0190256	0.0349866	-1.39093
K	-0.132479	-0.000155266	0.000180015	-0.005478	0.0132309	0.00126372	0.157895	-3.87262e-05	-0.45594	0.0122279	0.0818639
L	-0.663808	0.000452474	0.00484965	-0.149155	-0.00717266	-2.39501e-05	-0.178813	-0.000211948	-0.209867	-0.0326296	-0.15992
M	-0.446733	0.000104972	0.00159903	-0.565821	-0.00267335	0.000251993	-0.0147981	0.000512633	-0.296481	-0.0401982	-0.0119108
N	0.0428173	-0.000197467	-0.0020089	0.316493	0.000963517	4.70124e-05	0.153318	0.000230862	0.0330399	-0.109429	0.333951
P	0.458375	-0.000255198	0.0012338	0.807994	0.000193361	-0.000801816	-0.113899	-0.00026775	0.490255	0.0313482	-0.0459917
Q	0.0680583	0.000340115	-0.00252208	-0.304679	-0.000881149	0.000122517	0.0672642	0.00218958	-0.236888	-0.0929371	0.312101
R	0.727248	-0.000155343	-0.00287697	-0.775144	0.0205445	0.00134811	0.200491	0.000246549	-0.396768	-0.0129717	0.35274
S	0.125585	-9.92673e-05	-0.0044259	0.176454	-0.000433825	-0.000755546	-0.00399288	0.000175137	-0.131194	-0.0131391	0.125769
T	0.0107271	-0.000144801	-0.00497829	0.580724	-0.00282037	-0.000224169	-0.100163	0.000584061	0.342009	-0.00116852	0.0628948
V	-0.363239	0.000184018	0.00310497	1.24599	-0.00794041	-0.000206687	-0.258505	-7.69095e-05	0.406646	0.0681567	-0.430727
W	-0.0804992	-0.0001977	-0.000318885	-0.364496	0.00431389	0.000605554	0.196132	0.000188008	-0.0674853	-0.048353	0.291857
Y	-0.385347	-3.46536e-07	-0.00171301	-1.25622	0.00631738	8.2116e-05	0.217811	-0.000369476	0.0106665	-0.0421842	0.424118


3.29744
