NumCols:	11
A	-0.103439	-0.00555602	0.0707178	0.0271498	-0.0252869	0.00021514	0.0176201	0.0194602	-0.135499	-0.00224964	-0.0606687
C	-0.0211288	-0.00316748	-0.0128596	-0.00861434	-0.0256495	-0.0769365	-0.0017961	0.00145968	-0.0458077	4.36563e-05	0.0100639
D	0.0484695	0.00138952	0.0325001	0.00599031	0.0625534	0.251538	-0.00224216	0.0128973	0.0526511	0.00183885	0.00781575
E	0.0513044	0.000106386	-0.00595229	0.00775679	0.0342737	0.101432	0.000408016	0.00582268	0.0474102	-0.000474407	-0.0108457
F	0.0436047	-0.00183878	-0.234335	-0.0470145	-0.20474	-0.341992	-0.0521077	-0.0310586	-0.188799	-0.00926434	-0.0366537
G	-0.0298476	-0.00239288	0.0102039	-0.000730504	-0.00196385	-0.0660377	0.0183434	0.00302826	-0.0865414	0.000224531	0.016474
H	0.0120923	0.000870598	-0.0640462	-0.0147842	-0.0183539	-0.0136518	-0.00515388	-0.010607	0.0719482	-0.00151481	0.074071
I	0.026624	1.69953e-05	0.0384164	0.00428452	-0.0386256	0.100435	-0.00968048	-0.00180847	-0.106778	0.00185678	-0.0802511
K	-0.0992571	0.00358404	0.0804751	0.00557048	-0.0282019	0.0394578	-0.00502542	-0.00781325	-0.0343996	-0.000345627	0.0744136
L	0.0910528	0.00483643	-0.000665358	0.00342262	-0.00704119	-0.0394807	-0.0170793	-0.00613735	0.0122155	-0.00124454	-0.10392
M	0.00197492	0.0014436	-0.0615415	-0.00726941	-0.0299105	0.0398118	-0.0131539	-0.0102478	0.0597848	0.00147423	-0.0684359
N	-0.0264966	-0.0012917	-0.0212989	-0.0212655	0.059534	-0.119392	0.00393815	0.00473839	0.0698916	0.00287008	0.0294765
P	-0.0321713	-0.00187739	0.2684	0.0391626	0.124463	0.255572	0.0395416	0.0289945	0.0965935	0.00413385	0.0357527
Q	0.0514664	0.00317018	0.0758571	0.0195092	0.110206	-0.0540097	0.0186125	0.00965386	0.150086	0.00323676	0.0223356
R	-0.0290376	0.00404591	0.0732173	0.00989965	0.0239502	-0.0474735	-0.00540087	-0.00632012	0.0216137	-0.00403692	0.0772486
S	-0.0590126	-0.000848007	0.0460553	0.0190866	0.0909309	-0.0865878	0.0275665	0.0056303	-0.00728459	0.00397551	0.00935539
T	-0.0248018	0.000370183	0.0589819	0.0188071	0.0625659	0.045103	0.0236718	0.0103716	-0.0101278	0.0032293	-0.00219652
V	-0.030113	0.000517823	0.102519	0.015513	0.0147389	0.0555668	0.0039903	0.00421598	-0.0649974	0.00138376	-0.0915043
W	0.0267873	-0.00176768	-0.158824	-0.0362062	-0.0690838	-0.0440603	-0.014339	-0.0113029	0.0331245	5.48553e-05	0.0284284
Y	0.101929	-0.0016117	-0.297821	-0.0402679	-0.134359	0.000490808	-0.0277134	-0.0209773	0.0649158	-0.00519189	0.0690405


3.95798
