NumCols:	9
A	0.489324	0.871225	-0.262565	0.124708	-0.0914187	-0.141517	0.0783298	0.354353	0.372082
C	0.0156649	-0.166782	0.0723867	0.0234976	0.0580542	0.0164445	-0.0421823	-0.171123	0.0995302
D	0.0647679	-0.401152	0.222853	0.037933	0.305086	0.129914	0.0690661	0.297426	0.0828553
E	-0.0100644	-1.66655	0.0013881	-0.0148898	0.274516	0.124421	0.0874999	-0.05309	0.101541
F	-0.283151	-0.35064	-0.298894	-0.00402354	-0.211807	0.0179978	-0.0725123	-0.771078	-0.0824405
G	0.0964277	0.196023	0.0612166	0.0590937	0.173512	-0.0188317	-0.0345182	0.0871072	0.0805973
H	-0.0675177	0.258721	-0.0850815	-0.0361266	-0.0920042	0.00111994	-0.181553	0.079576	0.253369
I	-0.130305	-0.258458	0.232967	-0.0613847	-0.13246	0.0484332	0.118418	-0.284118	-1.19363
K	0.402573	0.539914	0.208195	0.0438052	-0.167297	-0.136371	-0.226048	0.290886	0.0960083
L	-0.122858	-0.431425	-0.134986	-0.0937953	-0.17897	-0.0304002	0.0345968	-0.434604	-0.143727
M	-0.168618	-0.00927096	-0.144662	-0.070952	-0.145707	0.00137841	0.000115805	-0.234619	-0.288245
N	-0.199521	0.651018	0.026512	-0.0235782	0.159961	0.0692063	-0.0376449	0.0564445	0.102613
P	0.355353	0.0538591	0.255873	0.0644423	0.415569	0.0588053	0.131888	-0.0309045	0.155898
Q	-0.0332551	-0.40058	0.0663741	-0.0330951	0.176942	0.0765721	0.0902405	0.00676812	0.132498
R	0.442166	0.534556	0.0525108	0.0222106	-0.229924	-0.130678	-0.153325	0.347159	0.32122
S	-0.148796	0.479643	0.00106202	0.0290067	0.0406859	-0.0439116	0.0137021	0.187821	0.0283874
T	-0.0883381	0.278688	-0.0179355	-0.006366	0.0321426	-0.0459508	0.07445	0.272157	0.0312109
V	0.00509079	0.127437	0.0774275	-0.00108501	-0.164515	-0.0316756	0.131406	0.187034	-0.375105
W	-0.37937	-0.206417	-0.0883564	-0.0172072	-0.0408132	0.0524507	0.0198291	-0.127504	-0.0845166
Y	-0.239575	-0.0998151	-0.246285	-0.0421935	-0.181552	-0.017408	-0.101759	-0.0596913	0.309858


4.28196
