NumCols:	8
A	0.00398867	0.0151506	0.216023	0.0210547	0.0998462	-0.0158348	0.0790426	0.145085
C	0.0513539	0.0257558	-0.0298522	-0.0131431	-0.050111	0.00104482	0.0506127	0.033519
D	0.0421102	-0.0168319	-0.0109163	0.157539	0.0296932	0.00739305	0.154343	0.0359774
E	0.0945978	-0.030209	-0.0250135	0.135013	-0.0108828	0.00293375	0.115332	0.0215973
F	-0.200808	-0.0465571	-0.380886	-0.160584	-0.240238	-0.00208223	-0.201917	-0.0329612
G	0.0411856	0.0137868	0.07328	0.00430751	0.0433006	0.0166056	0.0459138	0.043288
H	0.128004	0.0640444	0.0343719	-0.0735355	-0.0271292	-0.00932585	-0.0793139	0.0113122
I	-0.228643	-0.151851	-0.063275	0.0326945	-0.0616757	-0.0138251	0.0356762	-0.082081
K	0.0713763	0.127202	0.168184	0.153706	0.0809452	-0.00059393	0.162746	0.0113315
L	0.0280596	0.0143429	-0.0323032	0.0199991	-0.0791655	-0.0184482	0.0632377	-0.225518
M	-0.031148	-0.101379	-0.0492511	-0.0186277	-0.0557378	-0.000515062	0.00278452	-0.18276
N	0.127758	0.0068552	-0.0130789	-0.228048	0.00609643	0.00608968	0.00363239	-0.0345512
P	0.0209078	0.106004	0.15973	0.0250731	0.101095	0.00145795	-0.242799	0.122982
Q	0.0704007	0.0436709	0.0286888	-0.0432501	0.0629462	0.0166532	0.077874	-0.0164106
R	-0.0282137	0.154293	0.0931146	0.0281415	0.0925326	0.0290292	0.141964	0.0588324
S	-0.0693461	-0.149938	0.163745	-0.0721124	0.0895195	-0.00229008	0.0296683	0.059859
T	0.00344012	-0.0202817	0.121002	0.0325703	0.0905904	-0.00945457	-0.0824815	0.0627128
V	-0.152015	-0.0468106	0.0463017	0.0905868	0.00167022	-0.0248698	0.0358562	0.00649511
W	-0.000647599	-0.0114801	-0.213892	-0.0327422	-0.0853175	0.0100864	-0.0515035	-0.0340792
Y	0.027639	0.00423286	-0.285973	-0.0586426	-0.0879779	0.00594587	-0.340668	-0.00463081


4.84095
