NumCols:	9
A	0.037126	-0.0375669	0.648215	-0.193594	-0.699019	-0.0146853	0.0563143	-0.00317711	0.115096
C	0.120572	0.0337051	-0.0940809	-0.0209633	-0.127087	-0.0090246	-0.0602683	0.0601577	0.03743
D	0.251504	-0.226554	0.0425494	-0.00857731	0.032644	-0.0222605	0.0596866	-0.276824	0.281448
E	0.137089	-0.098853	-0.031257	0.000631202	-0.0316155	-0.0148483	0.129813	-0.0130266	-0.0043445
F	-0.0662522	0.442631	-0.669715	0.0225675	0.233319	-0.0318768	-0.46231	-0.402932	-1.03319
G	0.0286873	0.0742598	0.175839	-0.0315063	-0.0408414	-0.0318957	-0.0142424	0.43613	0.133293
H	-0.0659298	0.211159	-0.342381	0.0450505	0.232098	-0.00182392	0.00892771	-0.0390927	0.246236
I	-0.110226	0.105332	-0.288857	0.0270437	-0.21882	0.0254945	-0.197522	-0.232675	-0.526888
K	-0.0941125	0.242206	0.21556	0.029463	0.225744	0.0252526	0.136164	0.240373	0.207132
L	-0.0926878	0.260645	-0.509383	0.0697988	-0.0201506	0.0486349	0.00188144	-0.218672	-0.865855
M	-0.125764	0.215407	-0.728852	0.0492307	-0.00686323	0.0512664	0.195584	-0.381523	-0.868442
N	0.00439864	-0.303331	-0.410512	0.0134789	0.124507	0.0136824	0.193175	-0.442252	0.178594
P	0.136199	-1.41568	0.247933	-0.0414184	-0.0118328	-0.0465178	-0.273296	0.737775	0.238554
Q	0.0326374	-0.253665	-0.257625	0.0284064	0.0729032	-0.00815959	0.216316	0.295598	0.221875
R	-0.104448	0.196447	1.2194	0.0529327	0.370369	-0.00812652	0.424259	0.254047	0.362975
S	-0.0599301	0.130205	0.558097	-0.0659686	-0.188919	-0.000126421	0.264679	0.0117306	0.350666
T	0.00142604	-0.0048013	0.569673	-0.0502333	-0.178082	0.00353095	-0.036279	0.212145	0.347376
V	-0.050435	-0.139758	0.142469	-0.0251898	-0.246939	0.0275165	-0.101082	-0.0100776	-0.00367713
W	0.0984836	0.0721389	-0.399589	0.0565433	0.276166	0.0063628	-0.148365	0.0990561	0.457778
Y	-0.0783386	0.496074	-0.0874835	0.0423047	0.202419	-0.0123956	-0.393436	-0.326759	0.123948


4.76715
