NumCols:	8
A	-0.181267	-0.136204	0.344553	0.0325787	0.188589	-0.432932	-0.0509875	0.1913
C	0.13861	0.286855	-0.0395674	0.1055	-0.0576751	-0.0198222	0.239539	0.142066
D	0.531655	0.371577	0.442798	0.227979	0.348992	0.385139	0.293219	0.168765
E	0.537015	0.388877	0.330757	0.0818823	0.211744	0.298503	0.268548	0.00878815
F	-0.144773	-0.203542	-0.945618	-0.0537579	-1.11501	-0.165304	-0.157755	-0.0261505
G	0.277124	-0.149329	0.328851	0.23413	0.364958	-0.0370419	-0.0578823	0.129924
H	0.289501	0.0518175	0.00944329	-0.00466878	-0.34464	-0.0169029	-0.178697	0.385665
I	-0.764333	-0.458297	-0.266953	-0.0722296	0.200333	-0.00661128	0.456431	-0.323494
K	-0.0756186	0.332502	0.384631	0.00623125	0.433183	0.179303	0.126375	0.00419201
L	-0.0861763	0.150311	-0.249908	-0.116808	-0.0592372	0.0272007	0.0473037	-1.03513
M	-0.397139	-0.142735	-0.191588	-0.135478	-0.122363	-0.100536	-0.0644925	-0.55143
N	0.357024	-0.317772	0.145208	-0.00943322	0.223324	0.0443285	-0.438756	0.0180804
P	0.781942	0.254869	0.228044	0.246716	0.336101	0.0273025	-0.416812	0.290405
Q	0.215247	0.0496331	0.188659	-0.0834517	0.195113	0.113958	-0.129547	0.151601
R	-0.0871176	0.499071	0.0738462	-0.207083	0.250439	-0.0447423	-0.261359	0.21651
S	-0.315658	-0.657985	0.477972	-0.0706172	0.233455	-0.154781	-0.0649394	0.124168
T	-0.267777	-0.413183	0.275981	-0.0492124	0.211746	-0.0155609	0.0590678	0.172865
V	-0.666133	-0.235524	0.0336883	-0.0819631	0.00186056	-0.0726345	0.254917	-0.487543
W	-0.0643142	0.0995479	-0.552954	-0.0466389	-0.434343	0.133004	0.242541	0.0818268
Y	-0.0778111	0.229512	-1.01784	-0.00367724	-1.06657	-0.14187	-0.166715	0.337588


4.77518
