NumCols:	10
A	-0.0798584	-0.00891025	-0.0101743	0.0395377	0.0704425	-0.0216327	-0.110489	-0.0181164	-0.0917519	-0.061719
C	0.0203372	0.0263579	0.0105136	-0.0615818	0.0117007	0.00745782	-0.0316538	-0.00414761	-0.0217884	0.0965979
D	0.0742325	0.0359229	-0.119787	-0.0634487	0.103116	0.0229316	-0.00702685	0.0101687	0.0653343	0.172162
E	0.111754	0.0583158	-0.0991553	-0.0617316	0.0703987	0.0496939	0.00303178	0.00893139	0.0602624	0.0708789
F	0.0758653	-0.0653041	-0.397044	-0.293617	-0.283498	-0.112352	-0.0492427	-0.0191842	-0.139027	-0.29069
G	0.0204144	-0.00605065	0.0753293	0.0959276	0.0300531	-0.032586	-0.0150319	-0.00524314	-0.00938095	0.0341068
H	0.00547017	0.0132521	0.148758	-0.178276	-0.109507	-0.0261548	0.0218806	0.00656598	-0.0209836	0.076538
I	-0.169002	-0.00717951	0.0224724	0.0687599	0.0324575	0.0617071	0.0469397	-0.0125466	-0.0210902	-0.17977
K	-0.139889	-0.0247336	0.121636	-0.00489944	-0.0474676	-0.0711502	0.0510873	0.00309079	-0.0698266	0.104891
L	0.0851539	0.153059	0.144689	0.100525	-0.0281006	0.00491362	0.00760241	-0.01159	0.0038937	-0.332411
M	0.0276288	0.0403663	0.0111811	0.0359322	-0.00462857	-0.0479432	-0.00304876	-0.010402	-0.0556652	-0.252217
N	0.036094	-0.0646932	0.0783549	-0.00184842	0.0417785	0.0687062	0.0249185	0.0196536	0.0579102	0.0266412
P	0.109148	0.149975	0.0398859	0.106218	0.119168	0.0216385	-0.0482203	0.00788498	0.172245	0.210689
Q	0.0834154	0.0319874	0.0191989	0.133431	0.106308	0.0194497	0.00677972	0.0131748	0.130435	0.0271067
R	-0.0272656	-0.0732636	0.13595	-0.0455226	0.0490357	-0.114207	0.0467073	-0.00281181	-0.0607726	0.285891
S	-0.129018	-0.131156	0.168414	0.0981014	0.00683234	-0.025641	0.0209463	0.00729517	-0.019132	-0.0544842
T	-0.067976	-0.0371716	0.162836	0.0882188	0.0225511	0.058816	0.0255222	0.0108779	0.068561	0.043457
V	-0.126987	0.0209668	0.0792116	0.175063	0.0442292	0.119617	0.0129364	-0.000607973	0.0381669	-0.188082
W	0.0142662	-0.0416916	-0.155756	-0.0671828	-0.0868979	0.0360776	0.0142309	0.00589538	0.00489138	0.172999
Y	0.0762162	-0.0700486	-0.436514	-0.163606	-0.147971	-0.0193424	-0.0178697	-0.00888896	-0.0922818	0.0374141


4.16862
