NumCols:	9
A	-0.0976995	-0.298521	0.205178	0.0934866	0.225835	0.193388	-0.15879	-0.0321569	0.154085
C	0.0603626	0.107666	0.122217	0.0371259	0.00664964	0.00372757	0.0199517	0.136048	0.176124
D	0.395537	0.248582	0.342782	0.0304519	0.322268	0.142153	0.16432	0.231102	0.0477837
E	0.28818	0.294267	0.411906	0.0410889	0.251938	0.0325905	0.125088	0.0404034	-0.0829118
F	-0.0575759	-0.0122159	-0.660742	-0.0641021	-0.500983	-0.403545	-0.0761982	0.179935	-0.461612
G	0.144764	0.0774921	0.133388	0.0545344	0.248184	0.201289	-0.0246412	0.0140067	0.133871
H	0.103494	0.0837174	-0.100336	-0.0337907	-0.306918	-0.132292	0.0870447	-0.121324	0.35482
I	-0.407899	-0.192304	-0.17333	-0.0189951	0.183603	0.0559941	-0.05473	0.0709697	-0.24862
K	0.0579814	0.295409	0.163644	-0.0083382	-0.198638	0.0871833	0.155641	0.0589888	0.551636
L	-0.112209	0.253765	-0.132046	-0.0692618	-0.0505095	-0.048672	-0.036533	-0.0855709	-0.616224
M	-0.0741704	-0.543007	-0.195035	-0.0573237	-0.178683	-0.0641561	-0.0298039	-0.000162202	-0.664912
N	0.280098	-0.293379	0.139063	0.00991734	0.0425096	0.195868	-0.0457715	-0.031202	0.129372
P	0.133944	0.642037	0.182295	0.10824	0.28229	0.313461	-0.132171	-0.311916	0.255299
Q	0.0196493	0.20774	0.259537	0.0535572	0.14609	0.0887885	-0.0219172	-0.114969	-0.00755022
R	0.145965	0.324938	0.0128339	-0.00685683	-0.360443	-0.00321769	0.151656	-0.157538	0.612861
S	-0.192655	-0.341441	0.327399	0.00165661	0.150019	0.0667848	-0.0775272	0.0454791	0.000258805
T	-0.215828	-0.17922	0.213181	0.0130705	0.212192	0.0755805	-0.0294943	0.0374571	0.015364
V	-0.491257	-0.211568	-0.0368131	-0.0404559	0.253722	0.109403	-0.0868812	0.0149709	-0.260753
W	0.0147599	-0.332657	-0.363159	-0.0549561	-0.290767	-0.305131	0.0965598	0.0956407	0.0424027
Y	0.00455874	-0.131302	-0.851962	-0.0890487	-0.438357	-0.609197	-0.0258022	-0.0701631	-0.131296


4.08331
