NumCols:	12
A	-0.273279	0.683412	1.97567	0.14625	1.40011	0.31013	0.0262066	-0.118733	1.32324	-1.91483	0.944091	0.441594
C	-0.00569919	0.0341029	-0.145516	0.118899	0.570593	-0.0846456	-0.113326	0.0314372	-0.124561	0.0816024	-0.136144	-0.104812
D	0.0723076	-0.464489	-0.137339	0.200686	1.11015	0.679797	-0.11842	0.220234	-0.235971	0.317639	-0.236146	0.358581
E	0.0934005	-0.233	-0.3613	0.426316	1.32929	1.07357	-0.28752	0.413897	-0.185095	0.600662	-0.233559	0.4549
F	-0.0105552	0.472521	-0.890674	-0.187024	-0.462869	0.175525	-0.369164	-0.0418948	-0.394908	0.61218	-0.411769	-1.6163
G	-0.0309883	0.0175344	-0.0973725	-0.16253	0.498839	-0.125324	0.156775	0.03294	-0.00184476	-0.304271	-0.190909	0.036869
H	0.145868	0.335157	-0.331034	0.247587	-0.439851	-0.369295	0.044477	-0.0606822	-0.0146595	0.469424	0.0991015	0.376321
I	-0.272283	0.163018	-0.158017	-0.161807	-0.888953	0.202497	-0.142167	0.00354943	-0.0979794	-0.0984058	-0.123704	-1.42508
K	0.0470015	0.575435	0.569603	0.00295861	-1.03896	-0.374583	0.00574382	-0.152363	0.606114	-0.030802	0.502823	0.814034
L	-0.0619292	0.0820718	-0.393127	-0.471507	-1.74844	-0.232794	-0.183722	0.0907865	-0.164193	0.240495	-0.175299	-0.9991
M	-0.0214116	0.412782	-0.580215	-0.241842	-1.14803	-0.390179	-0.038967	0.00558347	-0.16017	0.370404	-0.0440363	-1.77649
N	0.0996711	-0.326271	-0.532152	0.00848922	0.0260872	-0.300271	0.153275	0.0741124	-0.400787	0.400073	-0.239819	-0.0810422
P	-0.0419346	-2.43305	1.59362	-0.135353	1.00195	0.410346	-0.020619	-0.0722547	-0.13432	-0.538162	-0.457717	0.91985
Q	0.0983518	-0.604095	-0.137218	-0.26088	0.0374319	-0.267198	0.173654	0.146438	-0.168825	0.196294	-0.100093	0.494589
R	0.157255	0.771279	0.938041	0.21266	-0.965756	-0.0684806	-0.0712238	-0.211762	0.939085	0.174755	0.798289	1.59929
S	-0.0083889	0.158042	0.350484	0.309517	0.485341	-0.376957	0.797328	0.0158171	0.311113	-0.662591	0.597235	0.404773
T	-0.0430512	-0.0534062	0.350752	0.0250822	0.541491	-0.194587	0.429125	0.0119082	0.179635	-0.904545	0.321707	0.450516
V	-0.186585	0.0147866	0.492903	-0.194274	-0.173096	0.135947	0.0394941	-0.0316173	0.213409	-0.781702	0.16899	-0.378672
W	0.09708	-0.144606	-1.11153	-0.176873	-0.124179	-0.199965	-0.108952	-0.113348	-0.87246	0.798348	-0.543275	-0.471539
Y	0.145169	0.538773	-1.39558	0.293645	-0.0111451	-0.00352921	-0.371999	-0.244048	-0.616819	0.97343	-0.539766	0.501715


6.50245
