NumCols:	9
A	0.259487	0.0104322	-0.0252839	-0.00231152	-0.160448	0.0843853	-0.0941278	-0.352066	0.481687
C	-0.101214	-0.000219532	0.0109733	-0.00014855	0.0540115	-0.0152032	-0.00260112	0.00480513	0.281822
D	-0.0558458	0.031086	0.0588757	0.00143294	0.0636919	-0.0549425	0.0829165	0.106668	0.874312
E	-0.0227785	0.0292149	0.0568556	0.00089329	0.108836	0.00885348	0.0118523	0.037395	1.01693
F	-0.486268	-0.104745	-0.0283392	-0.000193043	0.112596	0.0286799	0.104863	0.0754421	-1.12195
G	0.0400727	0.0622571	0.0592151	-0.000960369	-0.161282	-0.073685	-0.159665	-0.0665968	0.298142
H	-0.135694	-0.0343587	-0.0314352	1.67296e-05	-0.00120009	-0.02373	-0.08344	0.106548	-0.416051
I	0.122935	-0.0586256	0.0214356	0.000364374	0.2198	0.0805497	0.230624	-0.0210105	-0.778765
K	0.448902	-0.033999	-0.0133173	-0.000157456	0.179765	0.0565827	-0.00854558	0.0135535	-0.604611
L	0.0916133	-0.114239	-0.00613321	0.000489488	0.139405	0.0764866	0.0607958	0.0395265	-1.37091
M	-0.187938	-0.176026	-0.0457139	-0.000160518	0.140181	0.0152645	0.0100067	0.11169	-1.16922
N	-0.192233	0.0135274	0.00221045	0.000422413	-0.0655009	-0.0622136	-0.0308092	0.0851818	0.209398
P	0.235776	0.13375	0.0169063	0.0021557	-0.279162	0.0269988	0.117001	-0.208496	1.25176
Q	0.0206277	0.106322	-0.0221512	0.000639269	-0.10894	-0.040871	-0.178554	0.0379756	0.848263
R	0.434797	-0.0119559	-0.028133	-0.000837594	0.0434939	-0.012166	-0.184716	0.0472444	-0.2489
S	-0.084697	0.0618859	0.0319515	-0.000782821	-0.220573	-0.0650285	-0.219651	-0.0402279	0.633939
T	0.0134656	0.0946612	0.0160041	-0.000403025	-0.156085	-0.0293566	-0.0564949	-0.0683501	0.687946
V	0.204209	0.050587	-0.0116899	-0.00075577	0.00314649	0.0628469	0.191097	-0.112247	0.040957
W	-0.283116	-0.0105277	-0.0191469	0.000803554	0.0216383	-0.0653579	0.163805	0.135906	0.114058
Y	-0.322102	-0.0490269	-0.0430839	-0.000507092	0.0666249	0.00190641	0.0456433	0.0670574	-1.0288


3.42615
