NumCols:	9
A	0.692435	-0.587458	0.00175785	-0.125203	0.0392113	0.0434746	-0.0601451	-0.178973	0.601054
C	-0.222532	0.106968	-0.00256991	-0.0775573	0.0478048	-0.00339089	-0.00279934	0.00178518	0.107291
D	-1.14478	0.0901458	0.18178	0.0104572	0.066248	0.0301678	0.0580116	0.0248178	0.268381
E	-1.16414	0.156911	0.155517	-0.159309	0.0719684	0.0286193	0.0479964	0.0384904	0.404178
F	-0.156726	0.278415	-0.10055	0.181201	0.0432258	-0.0976823	-0.0647097	-0.0393327	-0.205138
G	0.466762	-0.0545473	0.095342	-0.248421	-0.0835077	0.00303672	-0.00894705	-0.174606	0.300828
H	-0.482578	0.4765	-0.145306	0.072825	-0.0780312	-0.015797	-0.022018	0.0642149	-0.19675
I	0.511931	-0.42393	-0.352112	0.13973	0.175918	-0.0250057	-0.0263271	0.142614	-0.360012
K	1.00297	0.225856	-0.0695874	0.00612804	-0.200673	0.0163584	-0.0223105	0.0418805	0.382456
L	0.304291	-0.135983	0.0422903	0.0876528	0.0165857	-0.0642707	-0.0343697	0.0934247	-0.609515
M	0.199756	0.175244	0.0487763	0.0562405	0.0350274	-0.0273082	-0.0295095	0.0582464	-1.50544
N	-0.276204	0.192499	0.186695	-0.0412459	-0.0412133	0.00139896	-0.00414923	-0.0399936	-0.143192
P	0.542359	-0.272894	0.0103437	0.362513	-0.0389589	0.0619934	0.174762	-0.166412	1.03692
Q	-0.334947	0.0850474	0.258086	-0.0184167	-0.0428071	0.0560942	0.0505443	0.0289635	0.418218
R	0.857662	0.500995	-0.20647	0.257166	-0.114577	0.0110392	-0.075989	0.0244902	0.304198
S	-0.0140693	-0.209323	0.132239	-0.184429	-0.0759113	0.079741	-0.00597317	-0.06247	0.324326
T	-0.340234	-0.607401	0.0236766	-0.197604	-0.00407254	0.00879873	0.0283276	0.00424058	0.408175
V	0.497212	-0.814352	-0.115674	-0.00551244	0.0997376	-0.0334349	0.0055314	0.0513047	0.16051
W	-0.697192	0.31392	-0.0402919	-0.0765754	0.0495054	-0.0328306	0.0266841	0.0595312	-0.492934
Y	-0.241986	0.503387	-0.103943	-0.0396401	0.0345205	-0.0410019	-0.0346098	0.0277838	-1.20356


4.88251
