NumCols:	9
A	0.2385	-0.337651	-0.157413	-0.052336	0.176993	0.0783557	0.20162	-0.0673841	-0.130105
C	-0.202967	0.120919	-0.099379	-0.0136391	0.00839183	0.0699889	-0.0657277	0.0710574	0.0596548
D	0.214845	0.208858	-0.981367	-0.0992565	0.170787	0.00421039	0.0441781	0.143414	0.489866
E	0.207971	0.51948	-0.421307	-0.0157394	0.099674	0.173217	-0.0343547	0.0357634	0.38599
F	-0.27646	-0.0573913	0.231483	-0.0659688	-0.165829	-0.110611	-0.183434	-0.152546	-0.551895
G	0.293511	0.063982	0.0162722	0.164732	0.0649449	-0.0323652	0.114888	0.0466958	0.188891
H	-0.0519561	0.344029	-0.0447594	0.0581828	-0.0659195	-0.120213	-0.130908	0.0233863	0.150095
I	0.0998768	-0.242653	-0.0311442	0.0166574	-0.0421324	0.0706985	-0.0690603	-0.0355556	-0.422188
K	0.243936	0.778524	0.472977	0.126212	0.0124793	0.265501	0.355671	0.0894334	0.051865
L	-0.297641	-0.162842	0.283412	-0.0560022	-0.0781774	-0.0257133	-0.381336	-0.361411	-0.305867
M	-0.271063	-0.304431	0.00117989	-0.193566	-0.0252456	-0.075348	-0.208217	-0.167289	-0.267369
N	-0.0790822	0.418348	-0.0965794	-0.0386267	-0.0125854	-0.0984346	-0.122351	0.232071	0.244058
P	0.0591473	0.389699	0.264571	0.146587	0.286781	-0.00382938	0.273366	0.175422	0.604919
Q	0.0578428	0.131768	0.0148535	0.0698769	0.0518201	-0.0258633	-0.0389361	0.124725	0.63937
R	0.199205	0.357515	0.274789	0.0711918	0.0991948	0.106707	0.390495	-0.0444492	0.377478
S	0.138382	-1.02134	-0.244727	-0.134297	-0.0134875	-0.0222944	0.0303415	0.0861227	0.318481
T	0.109635	-1.10344	-0.00865006	-0.110681	-0.0518113	-0.141827	0.0165801	0.00700954	0.169453
V	-0.0298372	-0.310345	0.210455	0.0132023	-0.117294	0.0138537	-0.0099904	-0.0180029	-0.395965
W	-0.351854	0.0485556	0.164929	0.0864956	-0.189539	-0.125986	-0.132405	0.026375	-0.151584
Y	-0.301992	0.158421	0.150404	0.0269751	-0.209044	-4.77323e-05	-0.0504199	-0.214838	-1.45515


5.17287
