NumCols:	10
A	-0.0979579	0.00654738	0.142511	0.0114309	-0.0418284	-0.107589	0.0539172	-0.362465	0.0935884	-0.233866
C	0.128836	0.186021	0.147224	0.00431388	0.00861384	0.0363657	-0.0172539	-0.167279	-0.0251034	0.194066
D	0.346599	0.351824	0.314094	0.00958595	0.0852336	0.127831	0.00524326	0.0625377	0.0592096	0.156889
E	0.333462	0.397376	0.213007	0.0113157	0.0774401	0.122924	0.0147375	0.174708	0.0243029	0.0928671
F	0.149246	-0.0259812	-0.27804	-0.00818845	-0.106579	-0.0127986	-0.0303303	-0.0425935	-0.167524	-0.0442966
G	0.144139	-0.0126833	0.00829269	-0.000372736	-0.0168156	-0.00972017	0.01864	-0.328063	0.0277876	0.0629204
H	-0.167847	-0.0141845	0.0488396	-0.010335	0.0648301	0.0517672	-0.0199918	-0.112891	-0.0431229	-0.175881
I	-0.179465	-0.0954224	-0.242256	-0.00210848	-0.14968	-0.129631	-0.0240894	0.256924	-0.00702944	0.27069
K	-0.409446	0.0843643	-0.0253324	-0.0168635	0.10419	-0.0168096	0.0191432	0.0725285	-0.0218673	0.0538506
L	-0.0084904	-0.107811	-0.038559	-0.00613743	-0.00675077	0.0664217	-0.018413	0.431334	-0.0564562	0.0620779
M	-0.163935	-0.416637	-0.316895	-0.00920673	-0.0477485	0.0779928	-0.0389093	0.26976	-0.0865993	0.10043
N	0.313655	-0.0785199	-0.0563205	-0.0031617	0.0369567	0.0278329	-0.0191815	0.00760847	-0.00347287	0.179216
P	0.403956	0.577965	0.303954	0.0242291	0.00527932	0.0638861	0.0602895	-0.00462398	0.167391	0.282371
Q	0.120027	-0.158197	-0.0671781	0.00866042	0.084232	0.0993168	0.00821861	0.161382	0.0416201	0.305593
R	-0.789082	0.425822	0.112517	-0.0158411	0.130758	0.059516	0.0152656	-0.0675032	-0.0597977	-0.309677
S	-0.140616	-0.459342	0.0273494	-0.000657259	0.0114287	-0.0587717	0.0192456	-0.120839	0.0633836	0.141544
T	-0.035043	-0.26146	0.189559	0.00670383	-0.00560366	-0.124568	0.024	0.0513804	0.128019	0.0484371
V	-0.092658	-0.0378584	0.002308	0.0047436	-0.0899067	-0.212633	0.0187673	0.100471	0.130476	-0.0132822
W	0.136076	-0.120538	-0.129735	-0.000173445	-0.0502136	-0.0387019	-0.053674	-0.0732778	-0.0586037	0.451937
Y	0.00854604	-0.241286	-0.355339	-0.00793744	-0.0938358	-0.0226312	-0.0356246	-0.309097	-0.2062	-1.62589


4.04266
