NumCols:	10
A	0.227245	-0.0735856	-0.193876	-0.123763	-0.199935	-0.0268429	0.0103298	-0.158678	0.00397506	0.198624
C	-0.13619	0.586567	0.0172754	-0.0240153	-0.0574579	0.021529	-0.0310607	-0.0310182	-0.00259473	-0.0730434
D	-0.387358	0.485022	0.177757	0.0181665	0.0496878	0.101104	0.0945725	0.168809	0.0502016	-0.0181358
E	-0.866875	0.667055	0.114234	-0.0251745	-0.0580923	0.0457846	0.0973421	0.12993	0.0131309	-0.0445712
F	-0.286953	-0.0846453	-0.231863	-0.0750917	-0.156839	-0.137566	-0.0585733	-0.147789	-0.0971813	-0.461777
G	-0.025811	0.172645	0.0572023	-0.0967917	0.00370534	0.0205925	-0.132498	-0.142721	0.00944108	0.0229469
H	-0.232754	0.148159	0.0933997	0.142501	0.164507	0.0578073	0.145254	0.0677071	0.00814876	-0.0537223
I	0.19659	-0.591246	-0.417508	-0.172132	-0.272505	-0.0912394	-0.258341	0.00679172	0.0286275	-0.00891397
K	0.661105	-0.0406066	0.0788855	0.157756	0.116372	0.14497	0.277702	0.156775	-0.0115839	0.369114
L	0.113772	-0.346501	-0.0539603	-0.0067562	0.0135025	-0.0853489	-0.0172231	0.00282115	0.0434986	-0.0952613
M	-0.146284	-0.196203	-0.0997766	-0.0113581	-0.161512	-0.106257	-0.0434583	-0.00255311	0.0153296	-0.180279
N	0.0213024	0.0896073	0.156532	0.0616157	0.138924	0.0754151	0.0550391	0.0872548	0.0274425	-0.045866
P	0.359809	0.344153	-0.00687687	-0.00167742	0.195126	0.111377	0.283875	-0.0419449	0.0309864	0.244209
Q	0.163339	-0.0402229	0.219854	0.0630518	0.131469	0.0204055	0.132965	0.0178181	0.0381798	0.109201
R	0.459096	0.282409	0.196544	0.209152	0.0374506	0.11005	0.341818	0.131437	-0.0214611	0.201248
S	-0.0891701	-0.318337	0.0109655	-0.0363263	0.0545651	-0.0155147	-0.097699	-0.140587	-0.0234039	0.185508
T	-0.0791897	-0.691259	0.0724102	-0.0184029	0.0462722	-0.0483494	-0.204857	-0.0633243	0.0146149	0.193607
V	0.166353	-0.606156	-0.149021	-0.104173	-0.0450856	-0.0900562	-0.257929	-0.00524893	0.0366091	0.252637
W	-0.0758675	0.140742	-0.00697451	0.0132854	0.0343717	-0.0235728	-0.160097	0.0266317	-0.0287566	-0.251823
Y	-0.0421601	0.0724035	-0.0352032	0.0301336	-0.0345263	-0.0842867	-0.177161	-0.0621118	-0.135204	-0.543702


4.50221
