NumCols:	9
A	0.424217	-0.0730896	-0.280936	-0.0183867	0.190443	0.368696	-0.285523	-0.282496	0.56268
C	-0.122805	0.229727	0.0816724	0.0462551	0.038078	0.214385	-0.0179058	0.0475671	-0.018087
D	-0.639891	0.166585	0.281636	-0.286507	0.0534198	0.226536	0.0566014	0.0800556	0.105759
E	-0.838236	0.240832	0.198093	-0.316533	0.158799	0.133278	0.0937408	0.0559027	0.112281
F	-0.448647	0.325931	-0.0935538	0.10438	-0.0370607	-0.131327	0.303735	0.384573	-0.682278
G	0.091023	0.269308	0.0788892	-0.158349	0.0338877	0.300069	-0.275458	-0.133123	0.099314
H	-0.35905	0.431119	0.07764	0.0644124	-0.24988	0.0665971	-0.134437	0.000170788	-0.155973
I	0.56065	-0.810783	-0.444693	0.243286	0.0384358	-0.3535	0.274938	0.232458	-0.0930634
K	0.855148	0.247031	-0.222498	-0.0442691	-0.0146783	0.0981612	0.0546991	-0.193602	0.100314
L	0.439953	-0.154224	0.0895282	-0.0491068	0.00305231	-0.452462	0.0953452	0.263294	-0.155665
M	0.103884	0.0013534	-0.0261662	-0.00441567	0.00964646	-0.576596	0.0567484	0.047319	-0.279947
N	-0.176521	0.258338	0.119349	-0.124431	-0.12973	0.108297	-0.136216	0.0290931	-0.0370066
P	0.163889	0.127997	-0.091765	0.0309212	0.163894	0.272958	0.00607141	0.0300382	0.496604
Q	-0.0803525	0.131274	0.195228	-0.209762	0.0400274	-0.0684452	-0.0976671	-0.0623975	0.228601
R	0.711164	0.597708	-0.210657	0.157357	0.010461	0.137249	-0.119444	-0.0110778	0.0472768
S	-0.157695	-0.297355	-0.00336415	-0.0628118	0.0393363	0.0515381	-0.339472	-0.469561	0.376605
T	-0.219297	-0.981723	0.0768618	0.05425	-0.0278945	-0.00226237	-0.167619	-0.254252	0.365749
V	0.567776	-0.906632	-0.166479	0.193889	-0.0308602	-0.214329	0.0967177	0.00241187	0.274706
W	-0.257298	-0.0202384	0.271969	0.163223	-0.0951284	-0.0216993	0.316242	0.114474	-0.397351
Y	-0.61791	0.21684	0.0692447	0.216598	-0.194249	-0.157144	0.218902	0.119152	-0.950521


5.11151
