NumCols:	10
A	-0.00204225	-0.164386	-0.0317389	-0.00403467	0.0472189	-0.0616134	0.113206	-0.0287033	-0.025956	-0.35897
C	0.0938708	0.492483	-0.0613517	-0.0605239	-0.145332	-0.0388009	-0.0485813	-0.0796709	0.113409	0.338679
D	0.484718	0.903688	0.0874764	-0.195379	-0.0457332	-0.00103737	0.00794561	0.290275	0.363767	0.375431
E	0.548666	0.314297	0.334638	-0.158325	-0.120554	-0.0077227	0.015081	0.159405	-0.0490942	0.129006
F	-0.716987	-0.0383973	-0.50237	0.0616187	-0.285334	-0.136823	-0.267856	-0.465425	-0.296906	-0.438848
G	0.0134113	0.0686954	0.0428613	-0.0568395	-0.0339089	0.103385	0.103549	0.25079	-0.116616	-0.153348
H	-0.157014	0.395992	0.115688	0.0649625	0.0170117	0.148604	0.0962965	0.179501	0.0183022	0.489174
I	-0.107378	-0.533559	-0.252346	0.0309829	-0.0273595	-0.150173	-0.24937	-0.261957	0.206174	-0.562684
K	-0.15585	0.276084	0.584997	0.285491	0.288823	0.222783	0.282622	0.566736	0.37562	0.538999
L	-0.0700692	-1.27589	-0.469003	0.0210185	-0.0391592	-0.104794	-0.317097	-0.198647	-0.0343056	-0.622091
M	-0.31861	-1.26701	-0.800401	-0.0148102	-0.0919157	-0.0488169	-0.11032	-0.253372	0.0342881	-0.307864
N	0.187434	-0.0232175	0.22101	-0.111122	0.0425799	0.0803338	0.00790098	0.123798	0.109767	0.284387
P	0.694557	0.575289	0.412269	-0.00846443	0.190737	-0.0362139	-0.0249055	-0.180919	-0.282647	0.106138
Q	0.244754	-0.319691	0.352468	-0.0141974	0.170838	0.0725989	0.107352	0.108642	0.16406	0.263816
R	-0.0909483	0.482941	0.465745	0.148933	0.329516	0.239143	0.318755	0.484728	0.21949	0.274511
S	-0.0447545	-0.164365	0.0914682	-0.00335155	0.0387956	0.0494438	0.0771626	0.174767	-0.12289	0.189158
T	0.0708453	-0.190599	0.176513	0.0277123	0.0438001	-0.0383703	0.00909969	0.035186	-0.134954	-0.0567058
V	0.036618	-0.321684	-0.00784571	0.10765	0.0621127	-0.152702	-0.0804316	-0.0294101	0.0357122	-1.12684
W	-0.0667848	0.486582	-0.307359	-0.0736702	-0.26152	-0.0664311	-0.030123	-0.500449	0.0599494	0.314327
Y	-0.644436	0.302748	-0.452717	-0.0476506	-0.180618	-0.0727939	-0.0102869	-0.375275	-0.637169	0.323723


4.53066
