NumCols:	9
A	0.588414	-0.711046	-0.466278	0.00328918	-0.0252665	-0.0556943	-0.139538	0.193685	0.196914
C	-0.0922243	0.64492	-0.134872	-0.0512569	0.0532391	-0.0521198	-0.169725	0.0543945	0.415607
D	-0.379021	0.0717348	0.519084	-0.0688353	0.148207	-0.0111658	0.0214697	0.22313	0.502683
E	-0.88911	0.276278	0.308936	-0.0258907	0.123398	0.0591699	-0.0389693	0.00591125	0.475757
F	-0.414655	-0.0189606	-0.789138	-0.20097	-0.27296	-0.104625	-0.393189	-0.400371	0.0675277
G	0.49808	0.297841	0.337116	-0.00793381	0.08749	0.189688	0.102984	0.0472118	0.0681361
H	-0.379772	0.367758	-0.0318733	0.0489462	0.120095	-0.113442	-0.117465	0.0573455	-0.208806
I	-0.0720332	-0.485331	-0.434668	0.0424586	-0.466997	-0.0843502	-0.0943583	0.111105	0.474303
K	0.672175	0.207982	0.159456	0.115153	0.274475	0.13549	0.471684	0.0184302	-1.59266
L	0.127761	-0.127	0.298708	0.0975688	-0.0124937	0.0784484	0.188212	-0.25784	0.275599
M	-0.679587	-0.247568	-0.233697	-0.0148783	-0.0809943	-0.0531245	-0.182111	-0.0807821	0.0577412
N	-0.247762	0.161433	-0.0412846	-0.0109222	-0.0311652	-0.0745921	0.0104809	0.0363667	0.265254
P	1.14395	-0.0380314	0.472258	0.0940937	0.164122	0.20099	0.227668	0.0799073	0.312556
Q	0.0393258	0.502686	0.441151	0.0695577	0.157245	-0.0166283	0.283807	-0.0304543	0.0760941
R	0.52499	0.727277	0.606254	0.135746	0.122558	-0.0576558	0.425325	0.128016	-2.08162
S	0.00776805	-0.511931	-0.228874	-0.0579539	-0.0603101	0.0199253	-0.153537	0.130847	0.0234448
T	-0.416158	-1.03469	-0.240896	0.0270318	-0.0207236	-0.0794258	-0.0133424	0.0436542	0.437945
V	0.359192	-0.806108	-0.142704	0.0933036	-0.292612	-0.0261141	-0.0927264	0.0596804	0.504541
W	-0.0969494	0.496632	-0.0040154	-0.128839	0.0376729	-0.012244	-0.137924	-0.0710018	0.310427
Y	-0.294381	0.226125	-0.394661	-0.159668	-0.0249807	0.0574695	-0.198746	-0.349235	-0.581447


4.61473
