NumCols:	9
A	0.486789	-0.660044	-0.231275	0.0250081	-0.0465455	-0.131014	-0.00647397	-0.10155	-0.723122
C	0.0830019	0.0526687	0.00796309	-0.155763	0.0774315	0.118691	-0.0696144	0.12784	0.299214
D	-0.315589	0.15526	-0.101236	-0.275736	0.119822	0.379702	0.152456	0.314307	0.422502
E	-0.655779	0.47447	0.138979	-0.363779	0.303775	0.284247	0.20763	0.06867	0.278007
F	-0.419316	0.293469	-0.345906	-0.0533721	-0.274712	-0.259933	-0.431312	-0.212962	0.02967
G	0.518043	0.111128	0.175389	0.0246348	0.0404221	0.081913	0.167579	-0.14386	0.259256
H	-0.322072	0.815657	0.324681	0.132779	0.0110029	0.070798	-0.452468	-0.010501	0.794709
I	0.211221	-0.53501	-0.246203	0.159829	-0.102444	-0.0969713	-0.179716	0.438179	-1.08751
K	0.551578	0.820553	0.502351	0.190632	0.383626	0.201563	0.443018	0.141353	0.377161
L	0.193355	-0.35807	-0.414934	0.139023	0.00262845	-0.234117	0.0418269	-0.055578	-0.847636
M	-0.423095	-0.414715	-0.541759	0.0912689	0.115839	-0.33239	-0.153599	-0.10982	-0.752214
N	-0.236286	0.0982134	0.0183833	0.0923684	-0.0194413	-0.0508371	0.171234	-0.199392	0.429708
P	0.659486	-0.351935	0.518055	0.0159989	-0.357676	0.0808795	-0.207359	-0.285547	0.0746419
Q	-0.0481459	0.258117	0.262804	0.0677303	0.0984251	0.0810219	0.257933	-0.096374	0.239723
R	0.439767	1.10488	0.691188	0.0310524	0.447258	0.229791	0.286731	0.0713322	0.705625
S	-0.116747	-0.582432	0.0421701	-0.082574	0.0422289	-0.0650189	0.180024	-0.0101414	0.267416
T	-0.219767	-1.0005	0.152577	0.155794	-0.106838	-0.141763	0.106595	0.0443067	-0.153725
V	0.455269	-0.950917	-0.0707181	0.222538	-0.152114	-0.114647	0.0025947	0.218739	-1.55956
W	-0.376927	0.146517	-0.420598	-0.233395	-0.430549	0.0321434	-0.280879	0.0968848	0.508804
Y	-0.464786	0.522684	-0.461913	-0.184038	-0.152139	-0.134057	-0.236202	-0.295887	0.437323


4.79581
