NumCols:	9
A	0.141462	-0.00246128	-0.199859	0.0156515	-0.124512	-0.204306	-0.188236	-0.026196	-1.06025
C	-0.191908	0.602166	0.0502456	-0.0701988	-0.0771357	0.0853512	-0.199438	0.00687936	0.060404
D	0.209054	0.909854	-0.200888	-0.472231	-0.119278	0.0288687	-0.090959	0.280216	0.504449
E	0.0847443	0.491594	0.38078	-0.537006	0.100442	0.045353	-0.019486	0.0613117	0.465735
F	-0.573025	-0.322652	-0.338044	0.00374045	0.10509	0.0394454	-0.480494	-0.186348	-0.0117938
G	0.333958	0.530567	-0.14743	-0.158669	-0.215466	0.141197	0.451934	-0.179523	0.444152
H	0.283463	0.790139	0.484648	0.225216	0.25744	0.233651	-0.240791	0.150456	0.936345
I	-0.216548	-1.13824	0.202645	0.317171	-0.0775583	-0.226518	-0.025965	0.27837	-1.34974
K	0.0679168	0.433597	0.991962	0.367363	0.122857	0.359903	0.593756	0.162421	0.830074
L	-0.200912	-2.19496	-0.557329	0.0576613	0.161512	-0.306123	0.213527	0.0434413	-1.47507
M	-0.22765	-2.14848	-1.06598	0.127278	0.0651657	0.117845	0.0181613	0.0775959	-0.971302
N	0.0272979	0.306032	-0.302122	-0.145191	-0.164157	0.0669821	0.0961825	0.0321358	0.391126
P	0.432486	1.01855	0.285386	-0.00740951	0.0811072	-0.193847	-0.140478	-0.0603185	0.294326
Q	0.294443	-0.639818	-0.0110099	-0.0516945	0.286504	-0.0822657	0.290472	-0.108143	0.578305
R	0.0629992	0.932883	1.01367	0.390383	0.507363	0.703172	0.483672	0.0934969	1.52576
S	0.414255	0.274844	-0.212007	-0.172161	-0.0245859	-0.139768	0.156255	0.0227172	0.200459
T	0.343263	-0.211814	0.321478	-0.0735566	-0.169672	-0.269904	0.104354	-0.0943424	-0.497933
V	-0.134414	-0.960012	0.0800566	0.0842761	-0.0821938	-0.465065	-0.104921	-0.118602	-2.13213
W	-0.462879	0.506721	-0.531264	-0.0608888	-0.399394	0.0992652	-0.453212	0.0493264	0.447903
Y	-0.688007	0.821481	-0.244939	0.160266	-0.233528	-0.0332374	-0.464333	-0.484895	0.81918


6.11381
