NumCols:	9
A	0.0227872	0.171118	0.141598	-0.0954401	-0.0913568	-0.175892	-0.0138264	-0.180815	-0.921594
C	-0.126973	0.483308	-0.377355	-0.39597	0.0707724	0.267332	-0.325021	0.0944989	-0.159102
D	0.758039	1.18481	-0.0778369	-0.436523	0.0935983	0.378939	0.041152	0.477979	0.626514
E	0.682299	0.751892	0.418645	-0.634219	0.116162	0.242548	0.0182673	0.0624121	0.880855
F	-0.787215	-0.320777	-0.557687	-0.052568	-0.0177109	0.0130507	-0.376978	-0.0745343	0.14172
G	0.0660874	0.12162	-0.0509024	-0.138226	-0.0202315	0.0523626	0.258799	-0.176879	-0.164162
H	0.290884	1.0956	0.0412291	0.192124	0.0801663	-0.318374	-0.204085	-0.0614841	1.42358
I	-0.493199	-1.27766	-0.00873595	-0.00693547	-0.095785	-0.483131	-0.0963098	0.818347	-1.38876
K	-0.245826	0.792336	0.803839	0.234425	0.175502	0.210465	0.452558	0.199198	0.877738
L	-0.154676	-1.9307	-0.3669	0.290497	0.159563	-0.331061	0.241077	0.22759	-1.25948
M	-0.447116	-2.09052	-0.340256	0.111517	0.201987	0.026736	0.00581354	-0.194427	-1.02908
N	0.241677	0.460233	-0.157995	0.030754	-0.157431	0.200675	0.29149	0.0185805	-0.373348
P	0.757538	1.03944	0.00310293	-0.0137277	-0.233223	-0.0420432	0.0762185	-0.170942	0.459657
Q	0.578349	-0.797975	-0.122907	0.268519	0.364749	0.241527	0.161453	-0.108644	0.550391
R	-0.234785	1.01624	1.00272	0.338402	0.3251	0.681722	0.19167	-0.0483562	1.86198
S	0.0198756	-0.0143089	0.272189	-0.0531768	0.0289668	-0.0427451	0.11727	0.0290451	-0.264869
T	0.380234	-0.494253	0.599501	0.304025	0.00488707	-0.0130963	0.196191	-0.150387	-0.47875
V	-0.241277	-0.91047	0.0430029	0.373452	-0.233359	-0.613261	0.0443411	-0.00574036	-1.92252
W	-0.397583	0.245722	-0.674051	-0.393904	-0.57478	-0.106956	-0.576408	-0.22636	0.395729
Y	-0.669121	0.47434	-0.591199	0.0769752	-0.197577	-0.188797	-0.503672	-0.529081	0.743499


4.84072
