NumCols:	11
A	-0.0354556	0.554949	-0.096173	-0.671901	-0.0387611	-0.0476793	0.113576	0.128666	0.0676161	0.00651855	-0.24485
C	-0.00195302	0.0219388	-0.0984326	-0.197557	0.0058869	-0.00594658	0.0861675	-0.066008	0.0540596	0.00139043	0.223168
D	0.033931	0.217352	-0.0981191	-0.278015	0.0376764	0.0988357	0.247769	0.00340356	0.0327306	-0.00107345	0.19531
E	0.00639683	0.117166	0.000516125	-0.832777	0.0087827	0.0822756	-0.105008	-0.0801874	0.0326989	-0.00643268	0.0180081
F	-0.0354581	-0.306522	-0.349458	-0.0231232	-0.00420072	0.0174241	-0.0886752	-0.245863	-0.114385	0.00750459	-0.143197
G	-0.0141108	0.121444	0.245831	-0.0889172	-0.00474835	-0.0145655	-0.0057747	0.0788128	0.0747639	-0.00308119	0.0786283
H	0.00902115	-0.168365	0.269988	0.39805	-0.00266658	0.0523232	-0.0733156	0.13584	0.0264352	-0.000936658	0.364009
I	-0.0558877	-0.113709	-0.470523	-0.151437	0.029438	-0.0854955	-0.0880583	-0.315261	-0.17044	0.00482893	-0.517065
K	0.023592	-0.0610544	0.417061	0.0453241	0.0111724	0.0348066	0.159614	0.0965261	0.074016	-0.00581678	0.130929
L	-0.0443631	-0.351303	-0.379524	-0.056433	-0.0157531	-0.0275575	-0.362785	-0.316628	-0.242567	0.000563605	-0.488554
M	-0.0368824	-0.493536	-0.224389	0.560969	-0.00174646	-0.00137486	0.0243968	-0.114511	-0.155485	0.00361061	-0.100061
N	0.0363776	-0.106373	0.0619873	-0.10924	-0.0215142	-0.0237801	0.105265	-0.00227021	-0.0558934	0.000525821	0.209822
P	0.0675811	0.499762	-0.0228391	-0.537102	0.0504526	-0.0488366	-0.0628614	0.125003	0.08677	-0.00790973	0.0246028
Q	-0.0151522	0.0412779	0.263806	0.0412776	0.00541369	0.0328989	-0.0633571	0.114347	0.00429764	-0.00770638	0.125227
R	0.0635425	-0.0260867	0.682541	0.524295	0.00730332	0.123428	0.32885	0.237583	0.0932047	-0.0102659	0.308771
S	0.0140633	0.167658	0.297998	0.197121	-0.0253304	-0.00594465	0.0681909	0.187944	0.0785807	0.00396614	0.141666
T	0.00586745	0.304921	0.034583	0.227693	-0.0178117	-0.0532235	0.0452052	0.161669	0.0871704	0.00382331	-0.0387968
V	-0.00452277	0.161416	-0.4352	0.377726	-0.0149097	-0.126309	-0.251588	-0.125735	-0.020493	0.00698239	-1.02505
W	0.0120659	-0.332687	-0.126238	0.244551	0.0198334	-0.021053	0.026918	-0.056263	0.0326331	0.0020753	0.455741
Y	-0.028653	-0.24825	0.0265822	0.329495	-0.0285171	0.0197746	-0.104529	0.0529315	0.0142867	0.00143308	0.281695


4.32891
