NumCols:	11
A	0.219255	0.495516	0.418147	-0.16449	0.146884	0.0956015	0.00704503	0.112552	0.0126437	-0.245356	0.163295
C	-0.133307	0.0498894	0.096976	-0.0276368	-0.0792275	-0.0518441	0.177191	-0.0775663	-0.0127884	0.11267	0.165969
D	0.429288	0.176275	0.451302	0.0937403	0.170935	-0.00219529	-0.035707	0.0665128	0.274649	0.300922	0.240045
E	0.0149222	0.147682	0.329845	0.10693	-0.0555958	-0.00936744	-0.0317958	0.0346254	0.241282	0.154339	0.289676
F	-0.471176	-0.14351	-0.475371	0.0136267	-0.149307	-0.0898288	-0.149521	-0.180269	-0.249856	0.0584894	-0.491639
G	0.0553838	0.125134	0.252757	0.185879	0.0893957	0.0104685	0.107243	-0.147826	-0.0159949	0.00824473	0.249716
H	-0.177928	-0.501116	-0.316156	-0.0470085	0.0470346	0.0935074	0.0859488	0.351041	-0.109118	0.0100903	0.0638328
I	0.0487575	0.393133	0.06118	-0.239279	0.0503061	-0.205115	-0.20494	-0.155665	-0.12505	0.121081	-0.599747
K	-0.0191711	-0.289061	-0.102753	0.339331	0.158831	0.108325	0.323466	0.174209	-0.0471338	-0.2903	-0.367828
L	-0.1007	-0.0571858	-0.202033	0.0222142	-0.100727	-0.110424	-0.475367	-0.428945	-0.218194	-0.236205	-0.42938
M	-0.130979	0.000950653	-0.0945152	-0.330822	0.0309524	-0.0915754	-0.213788	-0.0868656	-0.0333933	0.205892	-0.282028
N	0.186805	0.271238	-0.0739782	0.0427615	0.113224	-0.00525642	-0.0715322	0.00736896	0.099983	0.0336245	0.364628
P	0.631962	0.607983	0.147682	0.1621	0.110703	0.147212	-0.181091	-0.0721034	-0.0635439	0.2381	0.393198
Q	-0.036653	-0.223521	0.0761069	0.162607	-0.186888	0.0257562	-0.0557687	-0.0789778	0.237597	-0.13364	0.304168
R	-0.666675	-1.27409	-0.264141	-0.333261	-0.176908	0.164178	0.176441	0.28979	0.192571	-0.0974259	-0.129626
S	0.31019	0.130386	0.317161	0.047538	0.0046357	0.0653497	0.239476	0.229573	0.187371	-0.103875	0.326712
T	0.300627	0.316244	0.195954	0.00290431	0.0324462	0.0293266	0.121742	0.0873553	0.103143	-0.152082	0.230934
V	0.215095	0.373676	0.0483911	0.384199	0.0614276	-0.0942489	0.020702	0.0567157	-0.149233	-0.22286	-0.211014
W	-0.195526	-0.213878	-0.3311	-0.287991	-0.0405781	-0.115369	0.150614	-0.0938711	-0.0495444	0.127822	0.0450256
Y	-0.480171	-0.385746	-0.535456	-0.133343	-0.227543	0.0355003	0.00964135	-0.0876545	-0.275388	0.110469	-0.325938


4.47378
