NumCols:	9
A	-0.139774	0.00460668	-0.0276161	0.0145177	0.0440941	0.0586013	-0.234412	-0.0151356	0.0435611
C	0.0766019	0.294789	-0.0340248	0.0104979	-0.0922097	-0.0400812	-0.0809676	0.0399187	0.170814
D	0.310086	0.705333	0.235272	0.0812534	0.00886893	-0.0207915	0.193888	0.0215725	-0.00890324
E	0.380026	0.636005	0.278943	0.120723	0.0528707	-0.0233253	0.35969	0.0161677	-0.0371865
F	0.265109	-0.100248	-0.161269	-0.105907	-0.160792	-0.0670831	-0.274854	-0.0575222	-0.0621722
G	-0.0487697	-0.129753	0.0548686	-0.0345485	-0.0443753	0.0325103	-0.353217	0.0173852	-0.0138429
H	-0.0994441	0.121842	-0.0434878	-0.0251824	0.0831873	0.0808625	-0.386852	-0.00670726	0.114789
I	-0.214171	-0.33767	-0.172435	-0.0385847	-0.171177	0.0230618	0.368764	-0.0408831	0.0986217
K	-0.54691	0.47454	-0.0105062	0.0414263	0.0615952	0.153482	0.420699	-0.0165759	0.389337
L	0.0366552	-0.307906	0.0249715	0.120757	-0.00829785	-0.0258373	0.19101	-0.0305636	0.113692
M	-0.129286	-0.733443	-0.116383	0.00594341	-0.0204459	-0.0933864	0.17177	-0.0218562	-0.0249789
N	0.2518	0.384381	-0.162629	-0.0451496	-0.0155358	-0.0981025	-0.064467	0.0428303	0.0402493
P	0.303567	0.548659	0.163384	0.00695541	0.0689196	0.119389	-0.348651	0.0241127	0.283599
Q	0.121097	-0.162734	0.0471611	0.0670012	0.025742	-0.237761	0.09308	0.0659869	0.120538
R	-0.380188	0.245844	0.0559914	0.109208	0.228535	-0.0835273	0.141034	-0.00778801	0.312923
S	-0.178496	-0.427527	-0.113471	-0.159529	0.104315	-0.053428	-0.114025	-0.00140439	-0.0188661
T	-0.0309064	-0.364498	0.13767	-0.0491891	0.0518517	-0.00420519	0.293777	0.00119877	-0.110638
V	-0.232519	-0.361334	0.134337	-0.023559	-0.0197461	0.185773	0.0947648	-0.028575	-0.0990221
W	0.0857518	-0.341456	-0.164807	-0.0832297	-0.156557	-0.0322477	-0.153251	0.0236369	0.39271
Y	0.16977	-0.149429	-0.125971	-0.0134036	-0.0408435	0.126097	-0.317778	-0.0257985	-1.70522


4.2517
