NumCols:	9
A	0.284057	0.0614536	0.148853	-0.299546	0.0593357	0.0429702	-0.140576	-0.474985	0.167786
C	0.0226608	0.163732	0.00362141	-0.0695605	-0.0502095	-0.0377152	-0.0250334	0.135676	0.0609397
D	0.389371	0.188179	0.334327	0.00198429	0.244882	0.089905	-0.0132641	0.0214875	0.123129
E	0.346121	-0.114031	0.3142	-0.0590957	0.136345	-0.0831916	0.0964417	-0.0734056	-0.0801665
F	-0.128758	0.392131	-0.332504	-0.0662084	-0.140434	-0.0589919	-0.207389	0.29698	-0.287582
G	-0.143942	-0.112672	0.267047	-0.130071	-0.107209	-0.0384645	0.0669124	0.0891674	0.133151
H	-0.146725	0.248805	-0.131815	-0.0366064	0.0664527	-0.0787233	0.154283	0.304768	0.352955
I	0.187628	0.106495	0.00354937	0.0565099	-0.318708	0.00414498	-0.176918	-0.235786	-0.728028
K	-0.307392	-0.209887	0.213948	-0.00826242	0.308652	0.0252761	0.261334	0.263403	0.528925
L	0.00330993	-0.0536359	-0.257029	0.0646438	-0.0933743	-0.0422283	0.0739687	-0.265691	-1.16081
M	-0.453321	-0.692765	-0.309797	-0.0515641	0.0149865	0.0419018	-0.0964001	-0.0336979	-0.611001
N	0.0849115	-0.167764	-0.116595	-0.0761486	0.150888	0.132696	0.155813	0.121954	-0.0176164
P	0.480395	0.401305	0.105627	0.220838	-0.188772	-0.0151815	0.0119009	-0.466738	0.194363
Q	0.0320725	-0.934585	0.191466	0.230054	0.0319617	-0.0714712	0.145708	-0.177871	-0.139511
R	-0.714195	0.0241581	0.27326	0.241253	0.163662	0.210256	0.227164	0.368777	0.778649
S	0.10852	-0.00662055	0.23067	-0.00429339	0.0104012	-0.0583348	0.00131947	-0.140753	0.251384
T	0.318166	0.15587	0.211947	0.0856208	0.0894944	0.0991471	-0.00252186	-0.141093	0.114598
V	0.313065	0.263221	-0.119199	0.118299	-0.122326	0.0741609	-0.22599	-0.186122	-0.351909
W	-0.47985	0.0540087	-0.528479	-0.0480847	-0.205594	-0.0680535	-0.195336	0.370506	0.112022
Y	-0.196096	0.232602	-0.503098	-0.169761	-0.0504349	-0.168103	-0.111417	0.223423	0.558718


5.18153
