NumCols:	9
A	0.298161	-0.330761	0.0341482	0.0217732	0.36657	0.0650369	-0.0776568	-0.378511	-0.381492
C	-0.0917075	0.251402	0.181672	0.0152496	0.143631	0.0473372	-0.127381	-0.133392	0.0251261
D	0.166538	0.44018	0.431506	0.325679	0.259587	0.270047	0.367079	0.0663408	0.427816
E	0.000441677	0.358881	0.292891	0.231389	0.319757	0.362071	0.350206	0.156477	0.0125673
F	-0.400043	-0.014124	-0.068181	-0.0204151	-0.05545	-0.587279	0.296329	0.145948	-0.6403
G	0.323605	0.145877	0.0954698	0.214898	0.261437	0.186445	0.285367	0.220127	0.0979329
H	0.0443839	0.487231	-0.227197	-0.0495281	-0.67193	-0.235242	-0.18524	-0.137039	0.411743
I	0.0666607	-0.409671	0.0180518	-0.0970159	0.0266867	-0.0952433	0.305545	-0.132364	-0.682554
K	0.15344	0.0534928	-0.686811	-0.250945	-0.699911	-0.106065	-0.0450319	0.281389	0.534594
L	-0.181602	-0.619204	-0.187296	0.00224004	0.122792	-0.0204069	-0.169924	0.30926	-0.997034
M	-0.562983	-0.554031	-0.514191	-0.257246	-0.187665	0.191335	-0.124991	0.160587	-0.690762
N	-0.202783	-0.0966496	0.135057	0.00805688	0.0472758	0.222766	-0.100324	0.14088	0.392172
P	0.674067	-0.560895	0.362674	0.208985	0.598664	0.181235	-0.0132194	-0.398417	0.433281
Q	0.0988765	0.0980645	0.0864986	0.0105055	0.156942	0.175394	-0.147336	0.0204654	0.345444
R	-0.0120561	0.0617033	-0.664778	-0.311917	-0.993779	-0.340828	-0.0121137	0.0859487	0.572832
S	-0.18142	0.115549	0.0442796	0.00197158	0.091889	-0.0426471	-0.15654	-0.410763	0.272382
T	0.272844	0.0434983	0.322965	0.0157083	0.247895	-0.0633478	-0.0512699	-0.190109	0.241492
V	0.181976	-0.145157	0.230835	0.0833136	0.262958	-0.0730378	0.0114527	-0.130249	-0.542863
W	-0.302625	0.314062	0.171626	-0.00840403	0.0649515	-0.0281122	-0.136	0.210143	-0.057698
Y	-0.345773	0.360551	-0.0592207	-0.144298	-0.3623	-0.109456	-0.268953	0.113277	0.225323


4.92983
