NumCols:	9
A	-0.0901737	-0.318163	0.211569	-0.0504924	0.180929	0.352347	-0.186202	0.0783766	0.189659
C	0.112422	0.419956	-0.148564	-0.033273	-0.0497022	0.0820088	-0.0876233	0.151235	0.443735
D	0.611128	0.627625	0.61614	0.0673405	0.363582	0.279563	0.4707	0.468655	0.464848
E	0.683916	0.651798	0.386888	0.156661	0.460881	0.336182	0.250277	0.0667498	0.51856
F	0.122015	-0.612013	-0.39901	-0.089876	-0.219437	-0.353223	-0.612266	-0.42466	0.140553
G	0.0606105	0.126155	0.213951	0.164677	0.132506	0.168161	0.225127	0.243077	0.45158
H	-0.353308	0.513296	-0.145695	-0.0616528	-0.0669788	-0.234332	-0.175796	-0.130133	-0.555157
I	-0.165551	-0.248349	-0.0398679	-0.0218388	-0.256336	-0.112673	0.0159323	0.0909565	0.269498
K	-0.782095	0.699934	-0.239408	0.0282805	-0.0666101	-0.212671	0.346713	0.0851575	-1.11168
L	-0.0989493	-0.29465	-0.11034	0.0824136	-0.134583	-0.0572959	0.164511	-0.216755	0.0193883
M	-0.456149	-0.665431	-0.185972	-0.100409	-0.101612	-0.162313	-0.019836	0.0849299	0.0312506
N	0.223753	0.252225	-0.226383	-0.0238951	0.136416	0.132679	0.169019	-0.0538943	0.307832
P	0.621033	0.419351	0.529339	-0.0852319	0.185067	0.233378	0.172562	-0.243222	0.478826
Q	0.143852	-0.331473	-0.0171571	0.363561	0.129198	0.0196561	0.130826	-0.0468041	0.209715
R	-0.760211	0.885969	-0.104394	-0.0448639	-0.147287	-0.26859	0.117577	0.0242619	-2.18462
S	-0.137198	-0.412352	0.147132	-0.088096	0.0385961	0.163653	-0.0119633	0.183579	-0.00112953
T	-0.0524465	-0.548798	0.0845757	0.0169624	0.0330346	0.0646444	-0.0108592	0.0819214	0.246431
V	-0.0524039	-0.461373	0.206632	-0.0995555	-0.158499	0.0335789	-0.133247	0.00507979	-0.0630274
W	0.279198	-0.173165	-0.467915	-0.141315	-0.236054	-0.23361	-0.293547	0.046505	0.273688
Y	0.0905591	-0.530542	-0.311519	-0.0393961	-0.223111	-0.231142	-0.531904	-0.495016	-0.129946


4.62479
