NumCols:	10
A	0.331639	-0.0766696	0.0536074	0.0230697	-0.00726938	-0.00911686	0.200199	-0.0452531	-0.126169	0.231959
C	-0.0407957	-0.00560261	-0.0402946	-0.043627	0.00391935	-0.00474361	-0.0787865	-0.0498933	-0.00910282	0.0691207
D	0.454362	-0.0388196	0.125245	0.0199266	0.0111423	-0.0022044	0.0286197	0.0202042	0.00686964	0.0536147
E	0.249243	0.0316595	0.0706388	0.0369063	-0.00682109	-0.02499	-0.0947195	0.0433748	0.0165332	-0.0128052
F	-0.992418	0.0679863	-0.262707	-0.0910908	-0.0245887	0.0371027	0.0104012	-0.0128567	0.0451702	-0.330716
G	0.0414988	-0.0395896	0.0877338	0.010837	-0.00580258	0.00809232	-0.0512286	0.0657016	0.0135199	0.0643253
H	-0.087296	0.0424274	-0.0166488	0.0464311	0.0215406	0.0127413	0.0478585	0.0300653	0.0254476	0.195959
I	-0.0247505	0.0868687	-0.252021	-0.119994	-0.0206929	0.00922116	0.0184861	0.100757	-0.0312525	-0.618393
K	0.528517	0.0299635	0.0688397	0.0869251	0.0322556	0.0473284	0.227142	-0.00459695	0.0742625	0.212815
L	-0.423524	0.133041	-0.0231398	-0.053672	-0.027112	-0.0129152	-0.130124	-0.0463908	0.0236432	-0.398929
M	-0.445338	0.114279	-0.0470702	-0.102902	-0.0236617	-0.00388217	-0.101108	0.00204999	0.0343804	-0.297034
N	0.278042	-0.00176291	0.125027	0.0171402	0.0105673	-0.0141936	-0.0603468	0.0553874	0.0183266	0.0363352
P	0.441108	-0.397501	0.171727	-0.0132001	0.0147565	-0.0471539	-0.00488425	-0.127576	-0.165786	0.120267
Q	0.0983335	-0.0239424	0.103864	0.0354356	-0.011117	-0.0483109	-0.228567	-0.0238511	0.0247723	0.073309
R	0.272651	0.025227	-0.0667173	0.0825194	0.0593584	0.0315334	0.254632	-0.197885	0.078835	0.386323
S	0.222665	-0.0398211	0.168769	0.0844933	-0.0060598	-0.0092082	-0.0225385	0.0765821	0.00744865	0.0838957
T	0.160478	-0.0201681	0.134307	0.0730465	-0.00741364	-0.00473134	-0.0224706	0.0663134	-0.0196147	-0.0233939
V	-0.0403008	0.00489526	-0.0342633	-0.01571	-0.0128538	-0.00235293	0.0456027	0.0452599	-0.0874836	-0.390256
W	-0.463777	0.0299811	-0.105274	-0.0500036	-0.00588729	0.010925	-0.0830049	-0.00404417	0.0456305	0.104756
Y	-0.560338	0.0775478	-0.261622	-0.026531	0.00573979	0.0268589	0.0448377	0.00665202	0.0245689	0.438849


4.46378
