NumCols:	11
A	-0.251537	0.0586457	-0.465299	-0.504431	0.162024	-0.0239886	-0.0415338	0.159779	0.0693676	0.0460566	-0.583453
C	0.0620442	0.0274728	0.144662	-0.16664	-0.015853	0.0106046	0.00368457	0.00641343	-9.21264e-05	-0.00296019	0.174116
D	0.195232	0.317955	0.0894141	-0.39154	0.00865812	-0.00999833	0.0208708	-0.117291	-0.124395	-0.00705585	0.18385
E	0.045752	0.216147	0.123279	-0.663112	-0.0286596	0.00113237	0.00148038	-0.349296	0.0190381	-0.030135	-0.0653219
F	-0.0192218	-0.344777	-0.339477	-0.0292968	-0.0497717	0.0782261	-0.00767933	0.0292925	0.0396268	-0.0201025	-0.328074
G	-0.0128482	0.115869	0.071288	-0.0177187	0.012191	-0.019235	0.00730015	0.252873	0.0199463	0.0494831	-0.0176133
H	0.0211284	-0.0733211	0.193447	0.169264	-0.0261197	0.0253126	0.0178317	0.236437	-0.0062926	0.0146626	0.457374
I	-0.0629496	-0.159463	-0.0205273	0.0932714	0.0227806	0.0298615	-0.0346901	-0.460818	0.0540995	-0.0074144	-0.56934
K	-0.199743	-0.0647378	0.251544	0.328607	0.0459176	0.0372744	0.000782814	0.204005	0.0728818	0.0473799	0.120348
L	-0.277243	-0.372724	-0.206932	-0.0363967	-0.0611409	0.0281431	-0.0290356	-0.362575	0.0412153	-0.00701173	-0.477936
M	-0.257797	-0.43622	-0.240967	0.0656138	-0.0395032	0.0127338	-0.0118806	-0.080757	-0.0193138	0.00435819	-0.02328
N	0.320658	0.0668783	-0.315533	0.0947808	-0.0703308	-0.052398	0.0218028	0.00099203	-0.10233	0.0156156	0.299879
P	0.50785	0.612784	-0.362887	0.112771	0.0613376	-0.0337534	0.0331091	0.198234	-0.155916	-0.0860261	-0.293805
Q	-0.197604	0.277338	0.304022	-0.0321665	-0.0556728	-0.0519091	0.0222037	-0.0481373	-0.0241272	-0.0237425	0.105521
R	-0.0766479	0.0421401	0.751807	0.487862	0.0407407	0.0145749	0.017917	0.391992	0.0673178	0.0109382	0.338761
S	0.0435378	0.230443	0.025119	-0.0617369	0.0519833	-0.0515322	0.0102604	0.128509	0.0162948	0.0153943	0.210142
T	-0.0232897	0.0690934	-0.0472707	-0.0503252	0.0385694	-0.0400071	0.00582004	0.0542716	0.0366786	0.0145121	0.12531
V	0.0678389	-0.0879639	-0.298804	0.183617	0.0655621	-0.00564465	-0.0569687	-0.329237	0.0642965	0.00464077	-0.934804
W	0.143464	-0.236967	0.132858	0.260357	-0.107338	0.0152675	0.014673	-0.0221022	-0.0306798	-0.0199211	0.838641
Y	-0.0286225	-0.258594	0.210258	0.15722	-0.0553752	0.0353355	0.00405173	0.107415	-0.0376172	-0.0186718	0.439686


4.22953
