NumCols:	10
A	0.00479371	-1.29026	-0.148661	0.0204589	0.0386437	-0.0504725	0.0427786	0.216584	0.277798	0.720708
C	0.0456246	-0.0697517	0.0202159	0.00693595	-0.00897493	-0.0152976	0.0152722	-0.0411467	0.0963651	-0.315799
D	0.122683	0.209946	0.100071	0.0144911	-0.159902	0.0589876	-0.000655829	0.15976	0.0944738	-0.309679
E	0.163638	0.361026	0.0558017	0.00966956	-0.118762	-0.0780481	-0.00768803	0.145472	-0.0440358	-0.0640049
F	0.0542094	-0.0642234	0.072369	-0.0153346	-0.00924053	0.0266676	0.028072	-0.503701	0.0289731	0.279663
G	0.0166723	-0.221572	-0.0373791	0.0150386	0.0701667	-0.0165294	-0.00175622	0.115021	0.151497	0.0746213
H	-0.0282295	0.213328	0.0360289	-0.00743626	0.0272259	0.194454	0.0534328	-0.269397	0.0356967	-0.117164
I	-0.111008	-0.257208	-0.0337214	-0.0181626	-0.0355598	-0.314531	-0.0200783	-0.107631	0.254903	0.40521
K	-0.268014	0.305222	0.00882012	-0.00888915	0.0218783	0.171705	-0.00671623	0.102539	0.157458	0.607215
L	0.0743533	0.130914	0.0507993	-0.0281702	-0.0381896	-0.115511	-0.0425013	0.0838475	-0.245902	0.421965
M	0.0123125	-0.193518	0.0188864	-0.0256815	-0.00555844	-0.0766029	-0.0177457	-0.0775917	-0.190929	0.0244527
N	0.0621264	0.326694	0.0223587	0.00612769	0.00394663	0.0500849	-0.0121563	0.0922086	-0.177677	-0.400397
P	0.0723246	0.536083	0.0727179	0.0678913	0.00874452	0.152659	-0.0164516	0.459829	0.253796	-0.0159045
Q	0.11813	0.707413	0.0154412	0.00223796	0.0399308	0.00728167	-0.0523778	0.270847	-0.48787	-0.227834
R	-0.12982	0.319904	0.0412469	-0.0159631	0.0614724	0.320991	0.0331922	0.0176634	0.0823774	0.304375
S	-0.0179581	-0.693154	-0.1636	0.00772021	0.0546738	-0.100172	-0.00129169	0.0458126	-0.251283	-0.122704
T	-0.0327374	-0.505881	-0.118447	0.00549619	0.0199525	-0.0882964	0.000670984	0.0851508	-0.097589	-0.19776
V	-0.0224623	-0.374756	-0.118436	-0.0147299	-0.00107003	-0.251351	-0.010313	-0.0232372	0.162613	0.379589
W	-0.0052614	0.351896	0.0503036	-0.0101128	0.00744367	-0.0314472	-0.00475615	-0.241173	-0.0656839	-1.37679
Y	-0.131379	0.207893	0.0551834	-0.0115872	0.0231788	0.155429	0.0210696	-0.530857	-0.0349813	-0.0697668


4.15641
