NumCols:	10
A	0.321786	-0.500339	-0.61525	-0.180481	-0.0893379	-0.0196347	-0.0325857	-0.267937	0.0281977	0.167737
C	0.0666989	0.816687	-0.00410324	-0.112721	-0.0539619	0.0942594	-0.00174463	-0.054589	0.179553	0.590295
D	-0.14246	0.035742	0.359501	-0.0657508	0.168181	0.0550747	0.00747649	0.10293	0.288635	0.473572
E	-0.370786	0.21754	0.613599	0.0387422	0.16515	0.0453798	0.0203011	-0.0668721	-0.0223299	0.551357
F	-0.479002	-0.228627	-0.561398	-0.318306	-0.223611	-0.165549	-0.0172142	-0.265275	-0.311922	0.317251
G	0.382213	0.116585	0.318017	-0.0944706	-0.0204736	0.079793	-0.0246612	0.276106	0.0878251	0.241122
H	-0.249704	0.289061	0.0598935	0.194346	0.0375714	0.0841437	0.018897	0.052449	0.14446	-0.111837
I	0.0183315	-0.600701	-0.502318	-0.213875	-0.20713	-0.291451	0.00582027	-0.195547	0.120389	-0.297289
K	0.789644	0.510909	0.268443	0.283534	0.217163	0.199483	0.0257582	0.39568	0.0974197	-1.77547
L	0.062767	-0.0620028	0.0926947	0.0999896	-0.118217	-0.00795836	-0.00185068	0.00409934	-0.303083	0.150587
M	-0.658221	-0.297972	-0.530066	-0.129133	-0.105338	-0.151535	-0.00582856	-0.134376	-0.0965715	0.131823
N	-0.363055	0.085116	0.242483	0.0267019	0.0535371	0.0394012	-0.00441761	0.0127106	0.049959	0.880581
P	0.993038	-0.095642	-0.035877	0.0767922	0.0206262	0.163257	0.044173	0.205669	-0.0970023	0.671002
Q	-0.048622	0.356901	0.462174	0.227149	0.178478	0.0836317	0.0215838	0.271277	0.0240698	0.350078
R	0.325346	0.686946	0.421777	0.342806	0.200038	0.12103	0.0319944	0.466888	0.179779	-2.2177
S	-0.07386	-0.464385	-0.180004	-0.0745308	0.0478908	-0.0767746	-0.0361167	-0.0671335	0.15316	0.108986
T	-0.303264	-0.951051	-0.097836	0.00717182	0.0235053	-0.0238245	-0.0279218	-0.104667	-0.080963	0.21191
V	0.452758	-0.790426	-0.167534	-0.0353219	-0.248459	-0.181283	-0.010859	-0.16926	0.147133	0.0459718
W	-0.193255	0.618397	0.24103	-0.0306815	-0.0235713	-0.0204216	-7.24768e-05	-0.137721	-0.0992221	0.397787
Y	-0.530353	0.257262	-0.385225	-0.0419604	-0.0220411	-0.0270216	-0.0127317	-0.324431	-0.489486	-0.887765


4.84564
