NumCols:	9
A	-0.278767	0.396264	0.0168147	-0.0859907	-0.0148199	0.0961373	0.147552	0.0260485	0.247129
C	-0.332349	-0.164883	0.0568033	-0.0561152	-0.0471904	0.0112983	0.0123922	0.022043	-0.162599
D	1.20268	0.845235	0.501642	0.187597	-0.0276815	0.210173	-0.0700946	0.0576027	-0.0213846
E	0.779018	0.771275	0.367876	0.0740676	-0.0839222	0.108838	-0.00714334	-0.0613424	0.330389
F	-0.331017	-1.56886	-0.0998504	0.0086434	-0.0418747	-0.379817	-0.107673	-0.0328978	-1.44368
G	0.0584264	0.0729033	-0.104688	-0.127369	-0.0865297	0.0412042	0.0900262	0.0502441	0.0982144
H	-0.202146	0.0734372	-0.112628	-0.0152334	0.0624109	-0.0623045	-0.0554082	0.0246286	0.548889
I	0.310823	0.417853	-0.0950737	0.143648	0.044897	-0.182526	0.0761018	0.00798631	-0.835391
K	-0.27284	1.06753	0.324681	-0.0772708	0.163515	0.130095	0.28482	0.0685922	0.800605
L	-0.052206	0.28361	-0.398206	0.187822	-0.0440016	-0.0410197	-0.00224476	0.0118885	-0.730991
M	-0.251238	-0.352375	-0.279479	0.223668	0.0143744	-0.0477181	-0.249402	-0.0893261	-0.621779
N	0.056968	0.302422	-0.0833429	-0.0556519	-0.13337	0.135636	-0.112034	0.0480482	0.0501586
P	0.791423	0.555933	-0.508972	-0.295387	0.00256926	0.30423	0.0123151	0.0863896	0.496027
Q	0.0966632	0.188045	-0.278737	-0.154748	-0.0265337	0.166242	0.019081	-0.0475159	0.719683
R	-0.573432	0.859495	0.285151	-0.0587341	0.250656	0.032535	0.192124	0.0787624	1.02737
S	-0.203784	0.324972	0.0588113	-0.0635577	0.00521238	0.0519121	0.0651673	0.0422781	0.220664
T	0.0692955	-0.092094	0.131548	-0.0301917	-0.00495442	-0.052043	0.105729	-0.0623139	-0.0408477
V	0.0326904	0.0654785	0.126743	0.0691888	-0.0425514	-0.0388577	-0.0288761	-0.0676345	-0.0240889
W	-0.260906	-1.73269	0.0164499	-0.0067513	-0.0156683	-0.0859311	-0.242149	-0.0364568	-0.957558
Y	-0.6393	-2.31356	0.0744566	0.132366	0.0254625	-0.398085	-0.130283	-0.127025	0.299194


4.56532
