NumCols:	9
A	0.447162	-0.495961	-0.598947	-0.134804	-0.150705	0.0913188	-0.162199	-0.0549013	-0.795833
C	0.0191653	0.00560884	0.254075	-0.173529	-0.0587242	0.0872612	-0.107088	0.117349	0.243678
D	-0.137246	0.310779	0.530219	-0.110511	0.166072	0.0563004	0.0342494	0.338045	0.274592
E	-0.725641	0.518654	0.476224	-0.0903965	0.290137	0.236571	-0.0647879	-0.0415969	0.17074
F	-0.5223	0.167747	-0.568633	-0.230396	-0.249272	-0.358132	-0.384762	-0.274634	0.230908
G	0.74826	-0.163746	0.375793	-0.0944452	0.188733	0.269413	0.0366513	-0.129742	0.130042
H	-0.268952	0.751959	-0.102617	-0.0257857	0.188782	0.0281233	-0.118901	-0.0471128	0.557552
I	0.107962	-0.530613	-0.384179	0.0994993	-0.543207	-0.231302	-0.0315962	0.222262	-0.931786
K	0.610956	0.429201	0.437654	0.180396	0.22998	0.263847	0.499215	0.139534	0.724723
L	0.191767	-0.0999061	0.285138	0.15241	-0.0622303	0.0452626	0.280268	-0.0895572	-0.747689
M	-0.735297	-0.00510785	-0.517571	0.169271	-0.0128064	-0.209031	-0.176168	0.116009	-0.239305
N	-0.357889	0.00466222	-0.104143	0.15008	0.116124	-0.0358547	-0.02881	0.0219716	0.270573
P	0.930939	0.280146	-0.0641587	-0.134153	-0.131355	0.0668527	0.452531	-0.303811	-0.189875
Q	-0.126478	0.312308	0.262871	0.207896	0.167936	0.00972206	0.240378	0.0624873	0.204081
R	0.399072	0.841747	0.389241	0.131697	0.291111	-0.000467701	0.491708	0.0283741	0.785482
S	-0.0273258	-0.577853	-0.181633	0.0686327	0.0604765	-0.0779998	-0.0240399	-0.0321557	-0.229532
T	-0.325003	-1.0469	-0.138633	0.039255	0.036955	-0.21333	-0.0463599	0.166197	-0.238989
V	0.33354	-0.969017	-0.239733	0.106453	-0.399502	-0.0652717	-0.16697	0.0818451	-1.40442
W	-0.26462	0.0389875	0.0033532	-0.0518028	-0.124194	-0.0282603	-0.286954	0.0810192	0.530965
Y	-0.29807	0.227302	-0.114323	-0.259765	-0.0043101	0.0649775	-0.436363	-0.401581	0.654096


4.66707
