NumCols:	9
A	-0.135189	-0.233403	-0.12181	-0.204344	-0.10845	0.0593385	-0.217982	-0.339214	-0.0426353
C	0.0532684	0.534759	-0.0955324	-0.0411703	0.0189583	-0.0471815	-0.139777	0.0723412	0.121136
D	0.840237	0.474726	0.752192	-0.019892	0.118926	0.0844365	0.202888	0.363372	0.553278
E	0.355113	-0.0828209	0.596741	0.0187865	0.148476	0.247603	-0.0605918	0.0458704	0.0949032
F	-0.233408	0.229277	-0.353501	0.057059	0.104597	-0.295141	0.119415	0.133358	-1.37842
G	0.0436509	0.0643849	0.0175675	0.0804983	-0.0692848	-0.123343	-0.0298338	0.0742892	-0.0234694
H	-0.117102	0.822631	-0.0867407	-0.0812642	-0.0753458	0.00368226	0.0167661	-0.367663	0.158879
I	-0.124836	-0.485054	-0.328098	0.155667	0.113913	-0.150855	0.0767376	0.167025	-0.241446
K	-0.109441	0.679233	-0.22611	-0.00832692	0.114831	0.262916	0.288262	0.504467	0.817669
L	-0.342306	-0.68108	0.153451	0.203732	-0.00768536	0.070372	-0.126526	0.204318	-0.388232
M	-0.362787	-1.06376	-0.310733	-0.132833	-0.0560944	0.0358682	0.0670903	0.132619	-0.840083
N	0.18407	0.128478	-0.110979	-0.106108	0.0339325	0.00812243	-0.00461781	0.0667564	0.28481
P	0.769267	0.631809	0.326732	-0.0562619	0.0724013	0.202549	-0.0783609	-0.459959	0.460922
Q	0.0453352	-1.04241	-0.0330984	-0.096863	0.0483209	0.125473	-0.0733324	-0.03097	0.183769
R	-0.289161	0.76602	-0.291311	0.108207	0.0778483	0.133231	0.10426	0.121237	0.760533
S	-0.222368	-0.480692	0.00116653	-0.0753834	-0.163532	-0.304535	-0.217033	-0.380775	0.449386
T	0.0967333	-0.360639	0.380155	0.121473	-0.147518	-0.119731	-0.105829	-0.202606	0.562964
V	0.0593489	-0.387651	0.0117872	0.0165557	-0.0180358	-0.186273	-0.108895	-0.403902	0.0309482
W	-0.136671	-0.0141378	0.012248	0.168739	-0.0265361	-0.0359812	0.237371	0.265568	-0.263935
Y	-0.373754	0.500323	-0.294129	-0.108269	-0.179722	0.0294477	0.0499888	0.033868	-1.30098


4.65376
