NumCols:	8
A	0.173983	0.190447	-0.0904165	0.0108974	-0.0393707	-0.0724347	-0.0416715	-0.530061
C	0.0265775	-0.000718112	-0.0115661	-0.0026398	-0.0675513	-0.00322889	-0.0314207	0.0474835
D	0.071342	0.268009	0.0112869	-0.00776398	0.128465	0.0772452	-0.0281393	0.0138984
E	0.0461334	0.0717731	0.0164671	-0.000570067	0.121259	0.0204966	-0.0142487	-0.0519362
F	-0.0889809	-0.351669	-0.0466062	-0.0181291	-0.180276	-0.198998	0.0379427	-0.092354
G	0.115565	-0.050299	-0.0352897	-0.0126015	0.0935481	0.0825624	-0.0221743	0.108979
H	-0.0113347	0.139233	0.0328427	0.0139953	0.13039	0.180365	0.0174969	0.470714
I	-0.268447	-0.411051	-0.0402904	-0.023844	-0.329592	-0.298369	0.0219036	-0.245618
K	-0.0162893	0.0326715	0.0284713	0.0395567	0.131426	0.0180155	0.112712	0.361733
L	-0.180666	-0.838885	-0.0152596	-0.0208447	-0.110675	-0.203548	0.10876	-0.623458
M	-0.244616	-0.676711	-0.0326255	-0.00880366	-0.0507818	-0.121528	0.0546835	0.0348311
N	-0.0253389	0.220215	0.0232967	-0.00764442	0.173473	0.170135	-0.0275265	0.196908
P	0.34379	0.527724	0.0385887	-0.00455644	0.100702	-0.170701	-0.101595	-0.560498
Q	0.077333	-0.0647662	0.0601793	-0.00453963	0.191792	0.136625	0.0956177	0.423039
R	0.0896228	0.274747	0.051316	0.0418227	0.0617548	0.0985918	0.0601615	0.684277
S	0.0197214	0.360181	-0.000573415	0.00850437	0.129934	0.220915	-0.0346713	0.229892
T	0.0889393	0.333394	0.0227734	-0.00312823	-0.0112983	0.180226	-0.11745	-0.120079
V	-0.0347763	0.0451513	-0.00849208	-0.00538055	-0.323288	-0.155851	-0.0447502	-1.07851
W	-0.0739234	-0.0255251	0.0217399	-0.00573057	-0.111334	0.0559169	-0.0509066	0.297235
Y	-0.108636	-0.0439212	-0.0258427	0.0114001	-0.0385748	-0.0164351	0.00527655	0.433523


4.6641
