NumCols:	9
A	0.0139741	0.1525	-0.0909746	-0.37779	0.626685	-0.335164	0.609031	0.243315	0.693959
C	0.135285	0.131438	-0.138613	0.102594	0.0791932	0.0477152	-0.0841202	0.0106816	0.358756
D	0.712465	0.459479	-0.0219982	0.186365	0.288704	0.236283	0.312156	-0.139815	0.279767
E	0.63055	0.288224	0.421864	0.163349	0.0365534	0.0158472	0.109335	-0.143004	0.324724
F	0.0380367	0.0205653	-0.322138	-0.285325	-0.35988	-0.106807	-0.64005	-0.572919	-0.531997
G	0.322034	0.360676	-0.396391	0.232748	-0.120935	0.00815865	-0.0762736	0.148359	0.387435
H	-0.208006	-0.0543754	-0.153987	-0.244462	0.282354	-0.115682	-0.102846	-0.0982649	-0.515463
I	0.00643893	-0.463865	-0.150551	0.169711	-0.537433	0.158208	0.0827698	-0.0513182	0.111939
K	-0.439928	0.326475	0.288866	-0.382777	0.161581	0.469136	0.602865	0.176078	0.150461
L	0.0598811	-0.653514	-0.0569143	0.137502	-0.392663	-0.154603	-1.06898	-0.528504	-0.0848631
M	-0.148637	-0.694072	-0.132092	0.115603	-0.294687	-0.260666	-0.814156	-0.0485968	-0.355158
N	0.0890885	0.260277	-0.197717	0.107985	0.123479	0.128285	0.188919	0.0542085	0.0435804
P	0.189621	0.666286	0.608446	0.0764053	0.372605	-0.0702281	0.404485	0.185902	0.864273
Q	0.0839769	0.116292	0.199986	0.297198	-0.280391	-0.0980815	-0.0128491	0.17134	0.598266
R	-0.53266	0.376368	0.333409	-0.367518	0.0666489	0.475135	0.724291	-0.062443	-0.0618471
S	-0.319348	0.176944	0.0631213	-0.13769	0.267503	-0.357967	0.346834	0.239198	0.549497
T	-0.174351	-0.557262	-0.0315409	-0.0317056	0.153889	-0.432618	0.341586	0.316247	0.308071
V	-0.162379	-0.790819	0.187713	0.0725147	0.0779089	-0.0226875	0.20729	0.29733	-0.131463
W	0.0546959	-0.0926201	-0.192244	0.245491	-0.283744	0.210339	-0.8294	0.116024	-0.325868
Y	-0.350738	-0.0289967	-0.218245	-0.0802005	-0.267371	0.205397	-0.300882	-0.313818	-2.66407


5.73171
