NumCols:	10
A	0.434501	0.131249	0.0586911	-0.121885	-0.0979754	0.0616481	-0.131481	-0.235465	-0.0560051	0.15146
C	0.132606	0.000990297	-0.0237722	-0.00620665	-0.0228755	-0.134984	-0.083016	-0.0310853	0.0168422	0.0301169
D	-0.685659	0.378177	0.217879	0.0141523	-0.0186071	0.222921	0.0938287	0.0592379	0.0147776	0.108364
E	-0.217388	-0.751835	-0.105692	0.000675695	-0.0394937	0.148623	0.0900926	0.0402182	0.00210518	0.00370525
F	-0.430384	0.220405	-0.592242	-0.145842	-0.109142	-0.309947	-0.222195	-0.397536	0.0512032	-0.591573
G	0.424607	0.142335	0.479976	0.0275441	-0.0153337	0.0679349	-0.0105227	0.0416947	0.00256254	0.291585
H	0.0400507	0.211466	-0.0994497	0.0482593	0.137806	-0.13088	0.0595638	-0.0422997	0.0189558	-0.165491
I	-0.0181636	-0.117465	0.0418056	-0.061513	-0.0662815	-0.202319	-0.0791182	0.0661241	0.00847555	0.17639
K	0.569108	0.413145	0.504278	0.137172	0.242633	0.00102416	0.102866	0.585784	0.00325402	0.417211
L	-0.126535	-0.751997	0.000527711	-0.133123	-0.145698	-0.106558	-0.0451226	-0.100124	0.0038111	-0.0552786
M	-0.626648	-0.208906	-0.501491	-0.207111	-0.0708836	-0.0942653	-0.0541214	-0.239635	0.0255968	-0.645779
N	-0.231584	0.00190818	-0.136129	0.166174	-0.031597	-0.0714471	0.0957348	-0.0053416	0.0113659	-0.0673141
P	0.40797	-0.145478	0.744717	0.262625	0.0639738	0.292394	0.207842	0.213654	-0.0139439	0.458887
Q	0.229695	-0.586339	-0.264479	0.0402247	-0.0176095	0.248795	0.201126	0.223351	-0.0131051	0.0455339
R	0.379013	0.220818	0.145757	0.06199	0.24499	0.0191761	0.0391185	0.446807	0.0206295	-0.0577464
S	0.0549294	0.330025	-0.0267081	0.0754955	0.0141101	0.0330378	0.0316212	0.126224	-0.0363546	0.138244
T	-0.0799111	0.166199	-0.0064179	0.113416	-0.0128254	0.207556	-0.00311899	-0.0269161	-0.0513222	0.486681
V	0.230045	-0.0903042	0.0381404	-0.0437918	-0.0752435	-0.00323756	-0.054345	-0.160181	-0.0479537	0.214467
W	-0.167077	0.17699	-0.436295	-0.0552326	-0.0122171	-0.174465	-0.0730627	-0.21131	0.0259993	-0.0523819
Y	-0.319177	0.258616	-0.0390952	-0.173023	0.0322695	-0.0750066	-0.16569	-0.353201	0.0131059	-0.88708


4.54076
