NumCols:	9
A	-0.301552	0.209521	0.31872	-0.0492717	0.0612859	0.0531511	0.288135	-0.474919	-0.800519
C	-0.0683846	-0.256028	-0.0152415	0.0190852	-0.0258162	-0.00989138	-0.0792445	0.0468149	0.0464761
D	0.7519	-1.10065	0.443589	0.0405398	0.251446	0.0892096	0.146666	0.112465	0.786928
E	0.388578	-1.84563	0.307359	-0.0225949	0.123088	0.0779995	0.13605	-0.126508	0.468595
F	-0.164718	0.133334	-0.549531	-0.106747	-0.275518	-0.101237	-0.209213	0.101234	-0.697418
G	-0.212322	0.142072	0.282174	-0.00521254	0.000126289	-0.00662006	0.190287	0.104307	0.503848
H	-0.297645	0.0222006	-0.184188	0.012512	0.0462289	-0.0280371	-0.0148778	0.248595	0.438303
I	0.0298952	0.384582	-0.156817	0.0515911	-0.257518	-0.0667773	-0.254476	-0.206538	-0.906997
K	-0.496835	0.395571	0.0172086	-0.01829	0.0850307	0.0852698	0.206729	0.131956	0.273947
L	0.114035	0.273655	-0.234773	-0.084277	-0.306537	-0.0582431	-0.0413191	0.016732	-0.873747
M	-0.0204952	0.132643	-0.223537	-0.0563846	-0.327605	-0.0567208	-0.0169951	0.00214392	-0.64614
N	0.413521	-0.171141	-0.00344975	-0.0212202	0.0653066	-0.0329413	0.013621	-0.115302	0.600752
P	0.995224	0.719847	0.346471	0.0463364	0.257263	0.102012	-0.116112	-0.487488	0.733252
Q	0.261493	-0.266933	0.160504	-0.00763996	0.0760817	0.0212294	0.0874078	0.0819617	0.401496
R	-0.389189	0.170691	-0.157146	-0.0278008	0.179111	0.0646865	0.114376	0.237747	0.730059
S	-0.112703	0.133327	0.164449	0.0948833	0.0396775	-0.0166285	0.0449503	-0.336407	-0.0510965
T	0.0279939	0.15698	0.167492	0.121363	0.122086	0.0134837	0.0574287	0.0386454	-0.622968
V	-0.00647766	0.498477	0.043776	0.0518105	-0.0296797	-0.0220925	0.00962385	-0.152736	-0.707098
W	-0.298241	0.0212947	-0.381537	0.013036	-0.0080435	-0.0747671	-0.283845	0.480439	0.067836
Y	-0.614077	0.246194	-0.345521	-0.0517191	-0.076015	-0.0330852	-0.279191	0.296857	0.25449


5.09019
