NumCols:	10
A	-0.526329	-0.105424	-0.100214	0.025201	-0.0821142	-0.0226926	0.147277	-0.0280256	-0.285487	0.20107
C	-0.0320665	0.148983	0.0997608	0.00562271	0.0715734	0.0267473	-0.212386	0.00107023	0.0695724	0.126497
D	0.971912	0.0896034	0.206397	0.0120417	0.0664253	0.0400671	0.37159	0.0162649	-0.127778	0.076822
E	0.660327	0.438503	0.215968	0.0288024	0.128643	0.0427434	-0.0184701	0.0137821	-0.0997648	-0.0897503
F	-0.220356	0.297216	0.198767	-0.0169609	0.0121621	0.00604987	0.110446	0.00482354	0.242127	-0.307208
G	-0.0752399	-0.122136	0.138616	0.00701596	-0.00970435	-0.0151911	-0.23697	-0.000225298	-0.00940363	0.106419
H	-0.115229	0.0933254	-0.158488	-0.0575391	-0.0213453	0.0108281	-0.288933	-0.00567778	0.148862	0.154322
I	0.198862	-0.0698911	-0.139163	0.0521098	-0.0817985	-0.0348265	0.290028	0.0133739	-0.231239	-0.26555
K	-0.407283	-0.572042	-0.383507	-0.0194872	-0.132142	-0.00588034	-0.216902	0.00055314	0.166782	0.231429
L	-0.0266027	0.195992	0.197924	0.0231199	-0.0472666	-0.00274252	-0.167936	0.0203733	0.117145	-0.420222
M	-0.172612	0.292583	-0.29048	-0.0210732	-0.0237126	-0.00133421	-0.121299	0.00501412	0.0961111	-0.602435
N	0.140131	0.152839	0.109632	-0.0277868	0.0530236	0.0182131	-0.00827211	0.00605435	0.187813	-0.0711078
P	0.783582	-1.32613	0.0500566	0.0552913	0.0822434	-0.0105394	0.281928	0.0119121	-0.509079	0.0296262
Q	0.0931338	0.176816	0.0993868	0.0120036	0.10076	0.0225762	0.0183821	0.0024019	0.0920956	-0.334415
R	-0.689735	0.093112	-0.542826	-0.0564079	-0.0726391	-0.0201647	-0.39491	-0.00852923	0.329862	0.168518
S	-0.459089	-0.274976	0.0961442	-0.0406295	-0.035391	0.00393097	0.041637	-0.0300345	-0.172032	0.0937674
T	-0.250138	-0.0535389	0.130257	-0.00368665	-0.0284947	-0.0121976	0.103069	-0.0254809	-0.169766	0.215312
V	-0.0288654	-0.0929314	0.0107238	0.0311225	-0.0717162	-0.0481211	0.180479	-0.00384623	-0.244296	-0.257976
W	0.312855	0.291938	0.159308	-0.000272277	0.0708524	0.0182674	0.0615747	0.00680571	0.194968	0.255771
Y	-0.15726	0.34616	-0.0982646	-0.00848734	0.0206409	-0.0157332	0.0596687	-0.000609638	0.203506	0.689111


4.43426
