NumCols:	10
A	-0.163264	0.0685364	-0.35442	-0.140469	-0.0203503	-0.0713973	0.0287412	-0.0640481	-0.112872	-0.574112
C	0.0779654	0.458592	0.00328152	-0.0279598	-0.146435	0.0475924	0.0162223	-0.0908077	0.263962	0.284418
D	0.497132	0.422308	0.248884	-0.176137	-0.0693479	-0.00165887	-0.0384933	0.0506462	0.36795	0.322677
E	0.542471	0.223183	0.417766	-0.126759	-0.0607605	-0.0357538	-0.0674337	-0.0564431	-2.43046e-05	0.0220456
F	-0.702183	0.028402	-0.521979	0.167625	-0.264082	-0.0381974	-0.0991259	-0.224687	-0.172369	-0.135345
G	-0.0314889	0.219705	0.0308376	-0.0837051	-0.0636034	0.0685355	0.0964269	0.0554616	-0.0850587	-0.216539
H	-0.227888	0.0508672	-0.0131187	0.182922	0.0322543	0.14205	0.0932912	0.0231063	0.0515286	0.670058
I	-0.0511118	-0.392033	-0.126725	0.143406	-0.0578143	-0.097899	-0.120152	-0.0614189	0.205157	-0.7273
K	-0.192862	-0.182436	0.287891	0.231867	0.224793	0.287896	0.349956	0.429434	0.244003	0.763384
L	-0.207828	-1.12518	-0.048219	0.0533758	0.0420838	-0.0559757	-0.205117	-0.0216304	-0.180772	-0.990824
M	-0.282461	-1.03981	-0.512518	0.015726	0.0246864	-0.0322564	-0.0858464	-0.141595	0.0151123	-0.562243
N	0.151619	0.0195746	0.234963	-0.167417	0.0522858	0.0312071	-0.0554599	-0.0297355	0.0904961	0.419945
P	0.662911	0.904601	0.259325	-0.0164333	0.0198756	-0.131677	-0.00641991	0.0890234	-0.315165	0.586916
Q	0.246506	-0.302073	0.269974	-0.076946	0.158621	0.0534798	-0.00987418	0.0353852	0.0861364	0.148143
R	-0.122068	0.324582	0.295606	0.179693	0.281571	0.256382	0.261334	0.381729	0.0686029	0.489837
S	-0.0762352	-0.141179	-0.165304	-0.229308	0.0213298	0.0123819	0.0368604	-0.0214469	-0.078184	-0.125184
T	0.154253	-0.00774948	0.139453	-0.0848496	0.058524	-0.0508978	-0.0492472	-0.0100976	-0.113925	-0.13305
V	0.1855	-0.255684	0.0134318	0.0870071	0.00156021	-0.122701	-0.113117	0.0248306	0.096467	-1.02607
W	-0.0438882	0.496478	-6.48311e-05	0.0618604	-0.1444	-0.00076858	-0.0104548	-0.16621	0.193671	0.302084
Y	-0.41708	0.22932	-0.459066	0.00650209	-0.0907902	-0.260341	-0.0220908	-0.201498	-0.624717	0.481157


4.10381
