NumCols:	10
A	0.22052	0.147511	0.142567	0.0516912	0.122833	-0.0648186	0.0620092	-0.0782252	-0.14798	-0.155852
C	-0.0819451	0.185026	-0.0197729	-0.0440431	-0.132888	-0.0496066	-0.00964413	-0.133371	-0.206401	0.12485
D	-0.362634	0.0923955	0.16051	0.0199222	0.161461	0.20308	0.135066	0.297793	0.290403	0.122798
E	-0.16776	0.119517	0.155428	0.0563066	0.268678	0.0977397	0.135503	0.050813	0.07062	0.136542
F	-0.324541	-0.565657	-0.16589	-0.115637	-0.300001	-0.216278	-0.181553	-0.38669	-0.520987	0.208624
G	0.219984	-0.0906278	0.103421	0.00921874	0.116083	0.0382797	0.0296335	0.1784	0.10297	0.0555519
H	0.027439	0.134715	-0.0626705	0.00635602	0.0702738	0.0724015	-0.100779	0.0546814	0.153991	0.0561667
I	-0.110291	-0.126999	-0.0948819	-0.123461	-0.117359	-0.16133	-0.0262141	-0.189749	0.140549	0.227566
K	0.451358	0.46611	0.0178065	0.110663	0.0262933	0.126695	-0.0809013	0.224988	0.0816563	-0.218365
L	-0.0095563	0.0513058	-0.0969361	-0.0243307	-0.0726122	-0.00627004	-0.0700815	-0.126822	-0.121428	0.249845
M	-0.254655	-0.203924	-0.19519	-0.126102	-0.113046	-0.114892	-0.0574172	-0.215079	0.048735	0.0180837
N	-0.179117	-0.118021	0.0112942	0.0220523	0.041396	0.144908	0.0717909	0.108107	0.0448889	0.175657
P	0.384032	0.417009	0.221035	0.153616	0.0989109	0.186342	0.256459	0.296441	-0.195495	-0.0808216
Q	0.0976498	0.209722	0.067593	0.083803	0.0929011	0.0694309	0.131241	0.176156	0.0552083	-0.127995
R	0.331868	0.391927	-0.0230105	0.0189831	-0.150199	-0.00261392	-0.0954283	0.159722	0.118172	-1.35963
S	-0.0205768	0.0777871	0.0502418	0.0183328	0.129002	-0.0406447	0.0341047	-0.0353025	0.122052	-0.0858754
T	0.0631251	-0.000252963	0.0656716	0.0517538	0.105758	0.0288646	-0.00291108	0.0548655	0.0976812	0.120342
V	0.0680464	-0.0644173	0.0415592	0.0203998	-0.11681	-0.0682727	0.0292417	-0.0747105	0.246514	0.170808
W	-0.196797	-0.341533	-0.139613	-0.112539	-0.178203	-0.111047	-0.044431	-0.203546	-0.100787	0.187224
Y	-0.156149	-0.781592	-0.239162	-0.0769848	-0.0524695	-0.131968	-0.215689	-0.158474	-0.280363	0.17448


4.22578
