NumCols:	8
A	-0.00312318	0.0905484	-0.00591322	0.00687925	0.0895928	0.0228345	-0.00952726	0.139713
C	0.000479586	0.0574601	-0.00307466	-0.00439008	0.00293863	0.0133715	-0.000440455	0.0991981
D	0.00146917	-0.0813594	0.000118991	-0.00227104	0.105702	-0.0211202	-0.000678001	0.047469
E	0.000920787	0.00674656	0.000974085	0.00567972	0.0185631	-0.0185489	-0.00173466	-0.031033
F	0.000123499	0.109492	-0.017759	-0.0219963	-0.139157	0.060391	0.00636379	0.0181322
G	0.00241162	0.0865569	0.00275818	-0.00723953	-0.0685428	-0.00205499	0.000991074	0.0926104
H	0.00185499	0.0989126	0.0026843	0.0139724	-0.00100762	-0.0302299	-0.00531397	0.0749646
I	-0.00275054	0.0267971	-0.00718923	-0.0179246	0.0535616	0.0794655	0.0132498	-0.176317
K	0.00120033	0.00680302	0.0025588	0.0297137	0.0509139	-0.053886	-0.00382684	0.0107186
L	-0.0047577	-0.0342721	-0.00402733	-0.0126135	-0.117323	0.0313698	0.000515654	-0.543217
M	-0.00131807	0.116791	0.000218057	-0.00827153	-0.0380474	0.0392198	-0.00152469	-0.352773
N	0.00094807	0.0524774	0.00530646	0.0027811	0.026133	-0.00793939	-0.00615126	-0.043469
P	0.000664424	-0.743982	-0.000239125	-0.00909283	0.110919	-0.0927818	0.00755385	0.0901439
Q	0.00121351	-0.113018	0.0172473	0.00585414	-0.0319029	-0.0644612	-0.00595495	-0.0729218
R	0.0030137	-0.03156	0.0107516	0.030572	-0.11714	-0.0837935	-0.0125424	0.201726
S	0.00161614	0.123227	0.0121119	0.0229434	-0.0392435	-0.028423	-0.00113855	0.0742829
T	0.000121966	0.100698	0.0046577	0.0126857	0.0809782	-0.00863437	0.00280848	0.0438517
V	-0.00475401	0.010563	-0.00502677	-0.00863527	0.0673711	0.077464	0.0104012	-0.149244
W	0.000352546	0.0320708	-0.00275573	-0.0134991	-0.00855817	0.0355646	0.00556483	0.10355
Y	0.000313156	0.0850479	-0.0134024	-0.0251474	-0.0457528	0.0521924	0.00138435	0.372614


4.68645
