NumCols:	10
A	-0.789181	0.303132	-0.149665	-0.0597841	0.0915225	0.0337866	-0.194431	-0.0089497	0.000961697	0.504528
C	-0.0287449	-0.195652	0.0642787	-0.0517475	-0.0168657	-0.14722	-0.118545	0.0364595	0.0318001	-0.440026
D	0.618881	-0.40792	0.108622	0.0697433	0.212287	0.143918	0.0671742	0.118075	0.118105	-0.0906004
E	-0.282928	-1.1907	-0.16467	0.0526301	0.155799	0.134175	0.235053	0.101427	0.000645583	-0.0156182
F	0.406812	-0.389808	-0.0210836	-0.137748	-0.322331	-0.267544	-0.318539	-0.0972109	-0.146459	-0.886065
G	0.156522	0.0420514	0.426131	-0.0213987	0.0237469	0.0644556	0.0359121	-0.0220995	0.0229518	0.542298
H	0.274745	0.0856942	-0.108117	-0.0244584	0.0917948	0.066006	0.173009	-0.0556341	-0.0165345	-0.109275
I	0.00266747	-0.10581	-0.274713	0.0168048	-0.0869283	-0.181771	0.0308657	0.101259	0.121962	-0.240383
K	-0.0886794	0.361158	0.0576173	0.0556693	0.0575952	-0.11643	0.176034	0.112189	0.0353226	0.286427
L	0.205631	-0.0928521	-0.0109694	0.0172845	-0.20682	-0.101298	0.100378	0.0101494	-0.0772074	0.0766696
M	-0.572702	-0.0489355	-0.666931	-0.0298285	-0.153495	0.0445799	-0.00494129	-0.0396801	0.00489944	-0.0970903
N	-0.114149	0.226326	-0.273269	0.0028626	-0.023634	0.314489	-0.0926431	0.0212284	0.0059385	-0.0312926
P	0.956447	0.235442	0.53217	0.0866109	0.116042	-0.127837	0.225	0.0699086	0.0656757	0.231314
Q	-0.47782	-0.0473354	-0.245639	0.0948476	0.064072	0.186651	0.158175	-0.000253865	0.0271148	0.300567
R	-0.109842	0.267517	0.0573647	0.048693	0.0610261	-0.0123217	0.224794	-0.0741269	0.0840537	0.0450083
S	-0.661113	0.225639	0.188953	0.0171855	0.0374049	0.0124498	-0.0208193	-0.0795576	-0.0112284	0.654676
T	-0.0907478	0.182506	0.293184	0.0449161	0.0573871	0.138963	0.0435715	-0.046136	-0.00779933	0.6525
V	0.231355	0.278153	0.322878	0.0116922	-0.033515	-0.0503934	0.0566674	0.0174894	0.0814225	0.404386
W	0.236811	0.0769507	-0.0988919	-0.0839102	-0.0764863	-0.0984949	-0.718681	-0.0361707	-0.0337977	-1.38442
Y	0.126036	0.194441	-0.037251	-0.110064	-0.0486019	-0.0361657	-0.0580338	-0.128366	-0.307827	-0.403604


4.3662
