NumCols:	10
A	-0.494248	-0.52633	-0.03885	-0.0762608	-0.134717	-0.0615205	0.0417214	0.215863	0.0212289	-0.0304359
C	0.105182	1.10168	-0.0115062	-0.0501135	-0.0253154	0.0720568	-0.0134571	-0.00368927	0.116563	0.468283
D	0.527985	0.0516668	0.215523	0.0236557	0.0684889	0.134014	0.203796	0.385263	0.265066	0.607465
E	0.459622	-0.0104107	0.396235	0.150117	0.151241	0.0816016	0.261335	0.0830443	-0.053277	0.640133
F	0.10393	0.0208256	-0.23179	-0.299455	-0.169114	-0.176883	-0.141403	-0.461267	-0.347451	0.49544
G	-0.196358	0.215144	0.218063	-0.0649522	0.00106914	0.0778451	-0.00730679	0.335186	0.129336	-0.0152077
H	0.0440384	0.596566	0.314044	0.1368	-0.00372245	0.112806	-0.0148206	0.00669078	-0.0664508	0.0162395
I	-0.0538585	-0.670994	-0.41581	-0.0637675	0.058886	-0.11187	0.0249712	-0.254526	0.223416	0.00806507
K	-0.167309	0.656742	0.356225	0.284906	0.140929	0.091034	0.16179	0.471196	0.113707	-2.37546
L	-0.0426552	-0.434114	-0.164864	0.00175368	0.0269135	-0.0529076	-0.137473	-0.381209	-0.130282	0.339729
M	-0.206988	-0.649246	-0.639461	-0.228326	-0.0546235	-0.0327849	-0.176305	-0.42779	0.0500154	0.0759656
N	0.18292	0.461534	-0.133837	-0.0802239	-0.0142801	0.0677355	0.0169568	0.125342	0.0213513	0.287125
P	0.566235	0.168649	0.149593	0.0534668	-0.0271519	-0.00525461	0.0397421	-0.0102061	-0.111951	0.708613
Q	0.0122979	-0.21567	0.146464	0.0753629	0.100513	0.114766	0.128743	0.164707	0.107324	0.389903
R	-0.26801	1.0438	0.557611	0.212173	0.0388109	0.100551	0.0914989	0.41063	0.0966621	-1.36315
S	-0.512124	-0.79488	-0.34835	-0.0736971	0.0148179	-0.0782153	-0.0558704	0.0536341	0.0128596	-0.0259111
T	-0.306514	-1.0772	-0.0171479	0.041587	-0.00572967	-0.0931365	-0.0257065	0.0273538	-0.0766752	0.222978
V	-0.156402	-0.854212	0.00210608	0.062639	-0.0163188	-0.174054	0.0642302	-0.129004	0.041492	0.39997
W	0.320922	0.55879	-0.0330794	-0.0368404	-0.0715153	-0.0278832	-0.149473	-0.256084	-0.0167098	0.320771
Y	0.0813334	0.357665	-0.321168	-0.0688246	-0.0791811	-0.0379008	-0.312969	-0.355134	-0.396225	-1.17052


5.15935
