NumCols:	10
A	-0.00633848	-0.0116956	0.00963471	-0.0010073	-0.107518	-0.00182986	0.874226	0.0044589	-0.554272	-0.00781958
C	0.0158871	0.0243296	0.0135652	-0.000885169	-0.079193	0.00595575	-0.00153925	0.00292834	-0.127967	-0.0060053
D	0.0507641	0.0250204	0.168315	0.00118591	0.109516	0.0138317	0.506452	0.0130553	-0.0221349	0.000934502
E	0.0843316	0.00904101	0.0797203	0.0133724	0.104397	0.021165	0.137598	0.00304816	-0.233777	-0.00494904
F	0.0160065	0.0170537	-0.18264	0.00119176	-0.429219	-0.0100325	-0.470461	-0.00716106	-0.127876	-0.0438367
G	0.0123459	0.0120217	0.059893	-0.00417178	-0.100703	0.000374801	0.837135	0.0105922	-0.290922	-0.00337361
H	-0.0488841	0.00725291	-0.00655692	-0.0148959	-0.118198	-0.0034746	0.275109	0.00317079	0.477915	0.012882
I	-0.0280985	-0.00602092	-0.30939	0.00866678	-0.0376433	-0.00919506	-0.547432	0.00140673	0.277169	-0.0268111
K	-0.069751	-0.0073885	-0.100762	-0.0172941	0.102181	-0.00549418	0.69416	0.00735568	0.562036	0.0119686
L	-0.00492523	-0.0246033	-0.150244	0.00935849	-0.00770384	0.00120528	-0.179946	0.00461715	0.491008	-0.022261
M	-0.0400785	-0.00770889	-0.0500047	0.00862633	-0.0840137	-0.0102334	-0.324137	-0.00129226	0.610007	-0.00820649
N	0.0127986	0.00627412	0.0996444	0.00842126	0.0303916	0.00524637	0.352737	-0.00257599	0.321176	0.00564054
P	0.0277881	-0.00268972	0.0752883	-0.0129393	0.81271	0.0257923	0.276197	-0.0136316	-0.569603	0.00042445
Q	0.0403101	-0.0195875	0.138917	0.00345824	0.267942	0.00889131	-0.618641	-0.0126155	-0.0182404	0.0104774
R	-0.0530192	-0.00490685	-0.0145256	-0.0275771	0.074157	-0.022505	0.606228	-0.00203058	0.412456	0.0211867
S	0.0128938	-0.00610052	0.134991	0.00702984	-0.0402575	-0.00801171	0.160637	0.0064148	-0.371332	0.00799128
T	0.0091293	-0.0127857	0.112706	0.00879859	-0.02551	-0.00161055	-0.315798	0.00475883	-0.476436	0.00732718
V	-0.0265065	-0.0275395	-0.0927559	0.0091727	-0.0887989	-0.00730612	-0.608966	-0.00251186	-0.157434	-0.0116247
W	0.00397836	0.0239042	0.0440393	0.00238176	-0.109783	-0.000617413	-1.75936	-0.00555888	0.0142261	0.00787203
Y	-0.00863217	0.00612935	-0.0298349	-0.00289346	-0.272754	-0.00215206	0.105796	-0.0144292	-0.215998	0.0481828


4.25863
