NumCols:	11
A	0.172817	0.018445	-0.950117	-0.719147	0.0439044	0.0812048	0.206851	0.0459503	0.143656	0.114989	-0.00196265
C	0.0744345	0.0024046	-0.0733915	-0.0353196	-0.00481344	-0.0509071	-0.0315882	0.00726867	-0.0541609	-0.011377	0.00756823
D	0.19514	0.00232566	-0.484831	-0.215419	-0.0151964	-0.0274772	0.219378	0.018562	0.0982455	-0.109429	0.00453433
E	-0.0297625	-0.00182744	-0.258948	-0.486975	-0.0113564	0.0348796	-0.312259	0.0101746	-0.006171	-0.155163	0.000687887
F	-0.359068	-0.00351326	-0.0608018	0.250113	-0.00035658	-0.0306058	-0.332778	-0.0160306	-0.23937	-0.00189527	0.00603734
G	0.066547	0.00373353	0.186418	0.0296836	0.00379245	0.011207	-0.249739	-0.0190828	0.0131304	0.0985548	0.00257775
H	0.0654866	-0.00453081	0.587153	0.343821	-0.0337512	0.0084753	-0.334023	0.0393321	0.14439	0.153096	0.00820274
I	-0.393238	0.000692313	-0.430588	-0.0166478	0.0266214	-0.162586	0.267552	-0.0678462	-0.317235	-0.00139347	-0.0161445
K	0.223498	-0.00328545	0.631195	0.179207	0.00586203	0.130974	0.0324002	0.040263	0.377022	0.244925	0.00421866
L	-0.965439	-0.00655208	-0.603334	-0.0128234	0.0102982	0.0020072	-0.495819	-0.0755709	-0.38244	-0.00236997	-0.00681765
M	-0.907075	-0.00614112	-0.0831524	0.283793	0.00105009	-0.0513109	0.0790261	-0.0376048	-0.304141	0.156556	-0.0010563
N	0.169229	-0.00363622	0.548992	0.133245	-0.0284177	-0.109213	-0.0538877	-0.020777	-0.0803278	-0.0554305	0.00467622
P	1.05872	0.00986616	-0.561744	-0.66756	0.0382719	-0.00270005	0.0801099	0.0166517	0.0314437	-0.494857	-0.00123099
Q	0.0614205	-0.00598623	0.400641	0.0223791	-0.0151339	0.0672966	-0.0668851	-0.0314578	-0.00169734	-0.176753	-0.00387617
R	0.583495	-0.00657944	0.734364	0.388418	-0.00476305	0.213015	0.263259	0.093708	0.450834	0.153417	1.29769e-05
S	-0.177061	0.00464809	0.35215	0.121156	-0.00470094	-0.0141695	0.178627	0.00211098	0.194394	0.0816028	-0.00158623
T	0.0125084	0.0091033	-0.0409695	-0.140432	-0.00171013	0.0246281	0.513808	0.00930773	0.187114	0.0269545	-0.00594451
V	-0.0615403	0.00310161	-0.554899	-0.37707	0.0299918	0.0188372	0.0398011	-0.0275425	-0.0684638	-0.0658993	-0.0240377
W	0.0268878	-0.00731675	0.333576	0.518776	-0.0237823	-0.128311	0.0888805	-0.00468759	-0.15959	-0.0724007	0.0145899
Y	0.183002	-0.00495146	0.328289	0.400801	-0.0158103	-0.0152446	-0.0927132	0.0172711	-0.0266345	0.116872	0.00955063


4.0517
