NumCols:	9
A	0.216921	0.0168596	0.35606	0.00325792	-0.0305754	0.0359238	-0.0141882	-0.17115	-1.74497
C	-0.0805779	0.0497324	-0.0669004	-0.00279415	0.00295557	0.00551789	0.00360391	-0.0567337	-0.189475
D	-0.0455424	0.144857	0.106825	-0.00158121	0.01209	0.0849031	0.0368247	0.113855	-0.148322
E	-0.0336778	0.0431158	0.0713537	0.00407112	0.0123479	0.118085	0.0594382	0.229045	0.0376706
F	-0.249685	0.0714656	-0.358249	-0.00864301	-0.00461092	-0.0147856	-0.16601	0.560725	0.912741
G	0.0617287	0.0340299	0.0599659	-0.00216682	-0.0233877	-0.0618085	0.00864091	0.331331	-0.213264
H	-0.0133794	-0.0965949	-0.0950016	-0.00878685	0.0303345	-0.159244	-0.00388167	0.14875	0.375342
I	-0.0222338	0.219953	0.170649	0.00432545	-0.0477495	0.343682	0.108926	-0.00361444	-0.384953
K	0.173294	0.0478429	0.089713	-0.0144137	0.00721737	-0.0149611	0.0734129	-0.212983	0.823891
L	-0.0434556	0.144526	-0.0934759	0.00618198	-0.000431648	0.223123	0.216412	0.230325	0.143696
M	-0.0259941	0.00900312	-0.256353	-0.00196709	0.0265802	0.0771117	0.194961	0.0125778	0.209128
N	-0.188487	0.0384928	-0.110082	-0.00273717	0.0118775	-0.0312156	0.0562918	0.105172	0.244129
P	0.179202	0.0723767	0.411939	0.0190008	-0.0057798	0.11144	-0.227996	-0.249261	-1.47256
Q	0.0753798	-0.187786	0.129951	0.0141583	0.0343047	-0.123881	0.150854	0.124804	0.152653
R	0.240023	-0.73361	0.0993663	-0.00685609	0.0540521	-0.326931	0.00602672	0.0143153	0.874485
S	0.121829	-0.0726314	0.114226	0.00324922	-0.0499207	-0.2135	0.0262001	-0.282577	-0.129453
T	0.0679258	0.0442747	0.170347	0.00592788	-0.0367628	-0.0518562	-0.029329	-0.115935	-0.212601
V	0.0353594	0.169393	0.114916	0.00608434	-0.0508006	0.250698	-0.0907049	-0.414507	-0.0321213
W	-0.25715	0.0303908	-0.445099	-0.00742387	0.0277037	-0.168997	-0.0905848	-0.340453	0.582107
Y	-0.21148	-0.0456911	-0.47015	-0.00888707	0.0305554	-0.0833043	-0.318898	-0.0236872	0.171882


4.17742
