NumCols:	9
A	-0.217474	-0.160247	0.0233875	-0.048125	-0.12521	-0.0830172	0.0101555	-0.0437226	0.0906147
C	-0.0972723	-0.177333	0.0578977	-0.0200556	0.00970677	0.0040459	-0.00164364	-0.0679259	-0.227933
D	0.0806551	-0.37864	0.342786	-0.109713	0.0351633	0.102152	0.145395	-0.0536016	0.423366
E	0.0438287	-1.29825	0.264735	-0.00251865	0.0408763	0.130688	0.0564324	-0.0713725	0.260605
F	0.0143808	-0.112473	-0.147988	0.0758119	-0.00284152	0.0711234	0.0415806	0.0207366	-0.554274
G	-0.113534	0.0958478	0.141119	0.103448	0.0350823	-0.0354265	0.170382	0.0138383	0.117719
H	0.00439975	0.248427	0.0592007	0.0077392	0.078442	0.111644	-0.0113721	-0.0928973	0.114284
I	0.0400584	-0.0480016	-0.136652	0.00749305	-0.0392553	0.00708714	0.0377724	0.109494	-0.450648
K	0.0588492	0.347016	0.0843047	0.0425828	0.0973721	0.207441	-0.0539091	0.0773213	0.0298739
L	-0.00667394	0.0208746	-0.15712	-0.117747	-0.0752948	-0.00011289	-0.0625372	0.0362645	-0.178744
M	-0.175057	0.056335	-0.388982	-0.0165498	-0.0473491	-0.0172128	0.0468166	-0.0371899	-0.212824
N	-0.0967868	0.126489	-0.234608	-0.0434486	0.0995984	-0.0157046	0.100571	-0.0286245	0.124082
P	0.364983	0.164153	0.473875	0.04536	-0.0777968	-0.00753013	-0.101843	0.0592038	0.656068
Q	0.00504009	0.0814351	-0.0634021	-0.0770655	0.0416905	-0.239035	-0.195063	-0.0617216	0.393892
R	0.0416847	0.124634	0.141701	0.0561242	0.0320667	0.198083	-0.146625	0.0239832	0.364606
S	-0.159768	0.224036	-0.120504	-0.0654303	-0.0469655	-0.194709	-0.00789907	-0.0299842	0.358782
T	0.0110856	0.200455	-0.0320456	0.0243526	-0.0249756	-0.176528	0.0409177	0.0589864	0.24945
V	0.149912	0.177931	-0.0223115	0.029168	-0.0669768	-0.0585358	0.0266847	0.157429	-0.049535
W	0.0464292	0.150614	-0.245233	0.0236839	0.0288685	0.00309541	-0.0385041	-0.0633179	-0.875594
Y	0.00526056	0.156698	-0.0401616	0.0848903	0.00779831	-0.00754788	-0.0573114	-0.0068996	-0.63379


4.86765
