NumCols:	10
A	0.349561	-0.416016	0.00962914	0.058566	0.0461653	-0.019012	0.165549	-0.185429	-0.186862	0.206688
C	0.135728	0.00127754	-0.0165438	-0.0988496	0.0822035	0.0353353	-0.0682542	-0.0935183	-0.00503761	-0.000879999
D	0.45252	-0.0829285	0.0758338	-0.105571	-0.191363	0.0793764	-0.14837	-0.0352102	-0.0451022	0.116156
E	0.156521	0.0284152	0.0319913	-0.0953194	-0.088213	-0.0408318	-0.121705	-0.0838195	-0.0867769	0.0637804
F	-1.11885	0.283889	-0.302722	-0.0315119	-0.105449	0.0262591	-0.00528692	-0.0573732	0.0564245	-1.09542
G	0.0745645	-0.0590308	0.0940622	-0.0234019	0.0683197	-0.0414149	-0.0427874	0.0981013	0.0265578	-0.00874043
H	-0.292953	0.358877	0.037389	0.0871655	0.0760363	0.0517094	0.123299	0.141924	0.180315	-0.361917
I	-0.102055	-0.238112	-0.285416	-0.0442574	-0.138164	0.0661538	0.24006	-0.0805874	-0.172984	0.434056
K	0.490322	0.296268	0.228957	0.178852	0.166125	0.0811215	0.276274	0.258771	0.310478	0.142607
L	-0.405865	0.054975	-0.165538	-0.0581433	-0.0302973	-0.152187	-0.0483139	-0.142032	-0.0242978	-0.078818
M	-0.856982	0.260548	-0.305322	-0.0759983	-0.161985	-0.0585803	0.0324959	-0.0228493	0.0510615	-0.767683
N	0.0724928	0.193946	0.0420352	0.0268914	-0.0187492	0.0109073	0.0137017	0.0690279	0.0347142	-0.0713876
P	1.24032	-1.15622	0.35725	-0.060083	0.0510377	-0.0659175	-0.132139	-0.0237817	-0.284981	0.711613
Q	0.160793	-0.00528591	0.0993975	-0.0468515	0.0470127	-0.0806265	-0.321357	0.0298004	-0.0506949	0.343565
R	0.416549	0.296348	0.2841	0.179165	0.327127	0.160844	0.320249	0.237251	0.249697	-0.137871
S	0.0945909	-0.0472783	0.0997294	0.0675029	0.0979129	0.0686221	-0.0505312	0.0793884	0.0253831	0.265807
T	0.213999	-0.106538	0.0598137	0.081678	0.00473333	-0.0167994	-0.145678	-0.0241177	-0.053303	0.520499
V	0.0665293	-0.257438	-0.1292	0.0273325	-0.0630351	-0.070896	0.133721	-0.0864222	-0.198828	0.516032
W	-0.21722	0.211648	-0.0991049	-0.0532108	-0.0856041	0.0384771	-0.148768	0.00819256	0.0577136	0.107071
Y	-0.930567	0.382658	-0.116343	-0.0139548	-0.0838142	-0.072541	-0.07216	-0.0873155	0.116523	-0.905154


4.74291
