NumCols:	9
A	0.446395	-0.911532	-0.271058	-0.0536327	-0.182701	-0.093278	-0.157793	-0.699993	0.254244
C	-0.109026	-0.0208959	-0.0133402	-0.151644	-0.175081	-0.04901	0.00757612	-0.0152195	0.185437
D	0.0656121	0.200634	0.0953263	-0.059048	-0.102725	-0.339748	0.059568	0.0666959	0.123335
E	-0.0981419	0.400746	0.135533	-0.146301	-0.0291677	-0.114137	0.190742	-0.253322	0.212772
F	-0.604462	-0.0670435	-0.221115	-0.0322306	-0.0480645	0.00277354	-0.276343	0.0726091	-1.13072
G	0.463751	-0.4675	0.321715	0.0485597	-0.114462	0.0185545	0.115612	0.00460597	0.0803363
H	-0.279395	0.65077	0.107485	-0.0501782	-0.102009	0.0731101	0.0181702	0.441611	-0.27433
I	-0.0392211	-0.120784	-0.181141	0.0773595	0.010315	0.0858049	-0.249248	-0.0629207	0.289253
K	0.710559	0.657472	0.645593	0.277499	0.515064	0.325514	0.434201	0.3204	0.65805
L	-0.22489	0.0987668	-0.0608955	0.118257	0.0272107	0.23109	-0.0635325	0.126504	-0.254401
M	-0.870587	-0.268859	-0.330864	0.0502652	-0.15317	0.130537	0.0229275	0.185075	-1.15849
N	-0.104405	0.182167	-0.151725	0.0279384	0.0170401	-0.0108522	-0.0491976	0.366592	-0.190616
P	0.893726	-1.45721	0.350362	-0.0113779	0.164396	0.0135579	-0.118582	-0.56795	0.709171
Q	0.167178	0.128198	0.242692	-0.0638454	-0.0719805	0.0720696	0.0694016	0.00834912	0.392132
R	0.416605	0.779823	0.438378	0.193379	0.366867	0.315276	0.38607	0.241756	0.75676
S	0.165183	-0.244175	-0.0984657	-0.117721	-0.0449821	-0.253904	-0.0330914	-0.0719	0.151633
T	0.0576013	0.0381602	-0.0543816	-0.0154571	-0.00233608	-0.28661	-0.0468203	-0.29533	0.216063
V	0.165118	-0.355551	-0.211853	0.12663	-0.0125768	-0.0275409	-0.0575566	-0.269044	0.371657
W	-0.660267	0.315559	-0.504924	-0.19462	-0.0454098	-0.164211	-0.0336696	0.277051	-0.119237
Y	-0.561333	0.461255	-0.237322	-0.0238321	-0.0162289	0.0710033	-0.218434	0.124431	-1.27305


4.45881
