NumCols:	9
A	0.257898	-0.239621	-0.308532	-0.143578	-0.056506	0.136598	-0.220555	-0.305043	0.297928
C	-0.0261552	0.531111	0.114176	-0.0326542	0.0895244	0.148605	-0.0327531	0.320791	0.0981264
D	-0.610736	0.373912	0.580659	-0.311501	0.128822	0.128174	0.251641	0.472338	0.354121
E	-0.898326	0.310979	0.320976	-0.180767	0.075885	0.206052	0.12509	0.142853	0.301772
F	-0.350763	-0.131329	-0.142539	0.00829198	-0.0483883	-0.196207	0.085123	-0.194632	-0.821837
G	0.315957	0.61068	0.540318	-0.135683	0.0406626	0.0325216	-0.260916	-0.254414	0.201035
H	-0.302276	0.535678	-0.225571	0.056771	-0.101392	0.183047	0.0737074	0.150363	-0.0890939
I	0.317035	-0.749164	-0.661994	0.0569056	-0.0922058	-0.3422	-0.0218068	0.0193556	-0.322682
K	0.814152	0.467225	0.0377036	-0.0732858	0.13061	0.203769	0.0569724	0.0704138	0.539475
L	0.156052	-0.409467	0.213591	0.14382	0.0229305	-0.272791	-0.0658622	-0.277568	-0.256318
M	-0.144998	-0.203683	-0.254528	0.172821	0.0204561	-0.455586	0.0440244	0.0498447	-0.910573
N	-0.0598288	0.184871	0.141693	-0.0959971	-0.0160264	0.135314	-0.0618031	0.106121	0.0336188
P	0.388375	0.248853	-0.0632294	0.0236781	0.14981	0.498664	-0.0138612	-0.23257	0.713406
Q	0.0748129	-0.0792126	0.122654	0.0788744	0.0806829	0.107028	-0.00349629	0.147403	0.343959
R	0.421795	0.613516	-0.0294709	0.149517	0.0541111	0.207564	0.0720422	-0.0404466	0.249613
S	-0.0594373	-0.245831	0.0956918	0.101038	0.0078745	-0.131721	-0.32928	-0.113107	0.428043
T	-0.0798502	-1.08077	-0.124797	-0.0150428	-0.0759783	-0.109571	-0.0541723	0.113057	0.429
V	0.396661	-1.02375	-0.414178	0.194586	-0.12127	-0.205212	0.0769346	-0.0173228	-0.144684
W	-0.272549	0.193702	0.117684	0.0538385	-0.188867	-0.123027	0.0489047	0.17644	-0.206386
Y	-0.337817	0.0922973	-0.060308	-0.0516341	-0.100735	-0.151022	0.230066	-0.333876	-1.23852


5.21523
