NumCols:	9
A	-0.309846	-0.256697	0.168001	-0.100374	0.0367754	-0.01317	-0.15104	-0.365361	-0.340457
C	0.0190309	-0.0151938	-0.065898	-0.0224931	-0.0148216	-0.0064468	0.0346562	0.0914154	-0.209452
D	0.909175	0.205533	0.0447213	0.0420643	-0.0737862	0.0140598	0.0119272	0.167711	0.353276
E	0.605287	0.0039417	-0.00543749	0.0212123	-0.0516136	0.0129906	-0.0360883	-0.00888143	0.494615
F	-0.450382	1.12681	-0.346329	0.112762	-0.0887676	-0.00482752	0.0505123	0.302787	-1.41836
G	0.330008	-0.0785681	0.0679201	-0.0076868	0.0021246	-0.022795	0.00923864	0.194444	0.207677
H	-0.104863	-0.202546	-0.116386	-0.0902859	-0.0240786	-0.00103857	0.216177	0.00190261	0.211498
I	-0.208932	0.462785	-0.0227674	0.306364	0.186439	0.0102383	-0.0551076	-0.0700692	-0.358616
K	-0.254144	-1.25842	0.0292884	-0.0508444	0.256175	0.0309868	0.0627707	0.0710647	0.737783
L	-0.309088	-0.263983	-0.173979	0.146218	0.134064	0.011438	-0.0548981	0.168764	-0.326919
M	-0.317574	-1.05934	-0.184247	0.055904	0.131954	0.0183099	0.024099	0.288563	-0.955204
N	0.629074	0.616732	0.0847241	-0.050744	-0.0417622	-0.000947536	0.0565719	0.0430303	0.284889
P	0.350854	0.541024	0.0797792	-0.0778303	-0.153261	-0.0172635	-0.03383	-0.58835	0.19253
Q	-0.145903	-1.26544	0.0936901	0.000632619	-0.0717783	-0.00501418	0.00642152	-0.00729222	0.774627
R	-0.464567	0.29092	-0.0541278	-0.101157	0.159167	0.000521428	0.163392	0.10663	0.517643
S	-0.00455844	-0.304181	0.33134	-0.135907	-0.171572	-0.00932751	-0.091218	-0.159381	1.39948
T	0.368253	0.403733	0.353637	-0.0790118	-0.142946	-0.00970081	-0.127802	-0.295331	0.843506
V	-0.0654441	0.839102	0.181733	0.0810541	0.0879195	-0.00249202	-0.190424	-0.259734	-0.342544
W	0.00704042	-0.640941	-0.146335	0.030512	-0.0737835	-0.00116951	0.0503536	0.298363	-0.617388
Y	-0.583421	0.854733	-0.319326	-0.0803895	-0.0864485	-0.00435198	0.0542881	0.0197234	-1.44858


3.22093
