NumCols:	10
A	0.392356	-0.328424	-0.0144463	0.0926793	0.0920094	0.038562	0.167903	0.0586343	0.0899233	0.784776
C	-0.287002	0.177948	0.0246125	-0.0516134	0.0142279	0.0179576	-0.0837825	-0.0348623	-0.0292452	-0.405231
D	0.34885	0.349631	0.0291932	-0.0234365	-0.145653	0.0160561	-0.0710658	-0.00284292	-0.0297128	-0.159324
E	-0.0298492	0.86159	-0.0150642	-0.0257715	-0.0684201	-0.00494202	-0.0961193	-0.0656132	-0.0361492	-0.0038313
F	-1.14361	-0.16311	-0.0731858	-0.0723805	-0.147712	-0.0135669	-0.0956379	-0.0241343	-0.020336	-0.789021
G	0.124608	-0.000487305	0.0269865	0.0178678	0.0183537	0.0188217	-0.0112198	0.127808	0.0278194	0.0598857
H	-0.259102	0.326034	0.0831452	0.0718581	0.0791222	0.0138037	0.0410672	0.0101236	-0.0118752	-0.171371
I	-0.101544	-0.636183	-0.238415	-0.169476	-0.124188	-0.023529	0.0677153	-0.063494	-0.0581872	-0.135316
K	0.519787	0.365955	0.173331	0.106401	0.156606	0.0322117	0.244444	0.132473	0.129581	0.396754
L	-0.352434	-0.0593092	-0.151149	-0.10046	-0.0963082	-0.0580094	-0.0751474	-0.213945	-0.00733539	0.117842
M	-0.60782	-0.480178	-0.219822	-0.115514	-0.0958375	-0.0248477	-0.0392672	-0.138822	0.0117181	-0.128397
N	0.0834365	0.540832	0.0829999	0.0120897	0.0289184	-0.0158347	-0.0762703	-0.0198953	-0.0685925	-0.197128
P	1.02261	-1.20727	0.217674	0.0254309	-0.00839504	-0.0151157	0.09916	0.133701	-0.0432977	0.37194
Q	0.548078	0.537966	0.0253403	0.023456	0.0514102	-0.0236519	-0.0629925	-0.0204445	-0.0386186	0.31102
R	0.403692	0.0505331	0.134989	0.156804	0.315739	0.0480025	0.245719	0.0456695	0.126883	0.298175
S	0.20326	-0.356503	0.0431856	0.079371	0.0893189	0.0367757	0.013879	0.106051	0.0473282	0.295545
T	0.21206	-0.184295	0.0408718	0.077015	0.00753054	0.0027778	-0.023282	0.0919425	0.00177255	0.33541
V	0.0590608	-0.491954	-0.139053	-0.0338928	-0.0234833	-0.0155609	0.031288	0.0156885	-0.00858777	0.568525
W	-0.136024	0.125008	-0.0274042	-0.0642244	-0.0975524	-0.00968379	-0.148422	-0.0427528	-0.0634055	-1.2456
Y	-1.00041	0.572217	-0.00378808	-0.00620422	-0.0456863	-0.0202269	-0.127969	-0.0952837	-0.019683	-0.304654


4.38788
