NumCols:	10
A	-0.171635	0.1161	0.219531	0.0312098	0.111655	0.100992	0.095887	-0.19192	-0.00996614	-0.033343
C	0.0525289	0.182566	-0.0850323	-0.0527041	-0.0995089	-0.15132	0.0345348	-0.193963	-0.08759	0.250042
D	0.403743	0.185337	0.336451	0.122567	0.305691	0.357052	0.252783	0.484793	0.177362	0.412374
E	0.429357	0.141668	0.467215	0.215077	0.279542	0.217865	0.255142	0.248117	0.0899446	0.347737
F	0.0108001	-0.389544	-0.127282	-0.223139	-0.303501	-0.321313	-0.20596	-0.466188	-0.357294	0.236823
G	0.1538	-0.000704429	0.168171	-0.0355213	0.0785235	0.0685398	0.0765074	0.306438	-0.000304178	0.140702
H	-0.104578	-0.0087875	-0.0457774	-0.089778	-0.0752341	-0.00536099	-0.153241	-0.176698	-0.018891	0.0233561
I	-0.0693816	-0.146728	-0.135578	-0.0508023	-0.150724	-0.235641	0.0727149	-0.0190043	0.265249	0.231808
K	-0.615942	0.200986	-0.15475	-0.0106324	-0.0181015	-0.0794092	-0.138606	0.223368	0.085102	-0.654846
L	-0.130033	-0.0357339	-0.143121	-0.0117501	-0.0777557	0.0214638	-0.0921989	0.00722122	-0.0381911	0.0371748
M	-0.383641	-0.401881	-0.361578	-0.160817	-0.120563	-0.0403535	-0.114273	-0.235244	0.0410108	-0.269331
N	0.162483	0.192364	-0.0155147	-0.0105516	0.0662209	0.124775	0.0503888	0.116367	-0.0149878	0.190527
P	0.577912	0.691491	0.35397	0.105995	0.0860609	0.361841	0.159735	0.311411	-0.0344962	0.714026
Q	0.0548207	0.0876329	0.0604855	0.148834	0.118575	0.199685	0.0957441	0.252978	0.103981	-0.0104607
R	-0.562668	0.338997	-0.244498	0.0022951	-0.131502	-0.184796	-0.303911	-0.145962	-0.0401105	-1.82657
S	-0.194652	-0.194571	-0.0666579	0.028503	0.11826	-0.0772775	0.0573248	0.0209799	0.120147	-0.166197
T	0.0407283	-0.0989079	0.147064	0.0603108	0.129019	0.0192362	0.0677267	0.0797203	0.0303041	0.0592315
V	0.0310086	-0.149388	0.111609	0.0903081	-0.0423176	-0.0833799	0.0470434	-0.046756	0.15277	0.0797723
W	0.251807	-0.3312	-0.214725	-0.165113	-0.17638	-0.198231	-0.101391	-0.283073	-0.153963	0.189493
Y	0.0635408	-0.379694	-0.269982	0.00570921	-0.0979599	-0.0943682	-0.15595	-0.292588	-0.310075	0.0476854


3.99277
