NumCols:	9
A	-0.0655444	0.474996	-0.120236	0.110676	-0.290667	0.0269274	0.040791	0.303529	-1.16031
C	-0.0330202	0.345396	0.146084	-0.251578	0.0699164	0.0241331	-0.353958	-0.0602025	-0.0122795
D	0.362453	0.93944	-0.267354	-0.356381	-0.130583	-0.100991	-0.13296	0.0873148	0.260826
E	0.55526	0.600868	0.537608	-0.552306	0.0527194	-0.129354	0.221091	-0.0642539	0.217931
F	-0.827203	-0.289298	-0.703765	0.0756981	0.272963	0.0963538	-0.462846	-0.235728	0.353071
G	-0.273121	0.0308114	-0.028889	-0.110309	-0.252924	-0.0434548	0.525701	-0.119157	0.0487395
H	0.347602	0.991758	0.426919	0.0850803	0.537954	0.095158	-0.193788	-0.0350735	1.23172
I	-0.0895038	-0.998988	-0.0466468	0.0795712	0.0470996	-0.377197	-0.135723	0.403389	-1.15222
K	-0.233319	0.669297	0.979784	0.216005	0.086257	0.220263	0.735886	0.262516	1.26678
L	-0.00536247	-2.01886	-0.668021	0.276524	0.0186674	-0.14093	0.191678	0.0339988	-1.19204
M	-0.155362	-2.12494	-0.155535	0.105672	-0.0466929	0.0610698	0.0840073	-0.0757843	-0.569481
N	0.195673	0.286294	-0.252622	-0.202001	0.0353785	0.20592	0.177567	-0.0703204	0.371871
P	0.549918	1.1369	-0.199461	-0.115803	0.165462	0.142866	-0.570198	-0.0305663	-0.367139
Q	0.618613	-0.881277	-0.0182001	0.134417	0.344999	0.114577	0.16516	-0.153727	0.163586
R	0.0876508	0.934595	0.931342	0.365039	0.473967	0.595385	0.689711	0.259838	1.68227
S	-0.0846918	0.147728	0.0361234	-0.130532	-0.219287	-0.0987015	0.087229	0.101646	0.0186943
T	0.276236	-0.39654	0.333421	0.193801	-0.108528	-0.0225717	-0.0224248	0.0197739	-0.711825
V	-0.0946402	-0.668554	0.163885	0.231589	-0.434749	-0.360754	-0.0845855	0.0435328	-1.99135
W	-0.305378	0.146512	-0.650625	-0.268899	-0.424101	-0.21377	-0.637559	-0.186559	0.306041
Y	-0.826259	0.67386	-0.443812	0.113735	-0.19785	-0.0949309	-0.324779	-0.484167	1.23511


5.38931
