NumCols:	8
A	0.185203	0.404138	-0.116294	0.283989	0.0070436	0.071329	-0.0331592	-0.0255807
C	-0.0064899	0.13946	-0.115319	0.0593659	-0.274425	-0.0179674	0.0311623	-0.0565719
D	0.0745742	0.0968977	0.0617029	0.0641534	0.069758	0.126499	0.0624468	-0.0656457
E	0.0539555	-0.0390356	0.0329221	0.0849076	0.0827738	0.066544	0.0382458	-0.0909411
F	-0.174008	-0.0269281	-0.314067	-0.235407	-0.0881591	-0.291667	0.113149	0.0402076
G	0.0808574	0.0580331	-0.221709	-0.0338461	0.0776176	0.106132	0.0152071	0.02485
H	0.00785285	-0.0732555	0.111081	0.00967387	0.138853	0.0281095	0.161474	0.189982
I	-0.320406	-0.00703043	-0.0515361	-0.32613	-0.167607	-0.27444	-0.061165	-0.028042
K	0.0332843	0.000574137	0.219058	0.0578972	0.331321	0.0351377	0.421657	0.239936
L	-0.201322	-0.857227	-0.0608465	-0.157104	-0.212509	-0.271302	0.0186573	-0.180226
M	-0.211747	-0.885335	-0.14093	-0.0379277	-0.0238186	-0.173903	0.0342195	0.0594987
N	0.00390457	-0.104993	0.0100343	0.0817282	0.106911	0.0794343	-0.100038	-0.0115775
P	0.216073	0.489335	0.0415275	0.0777865	0.201592	0.0735742	-0.489319	-0.380781
Q	0.0767489	-0.00823852	0.182398	-0.183094	0.0868886	0.0800497	0.0833724	-0.00317041
R	0.129864	0.310406	0.358443	0.109308	0.149941	0.0938703	0.441177	0.389952
S	0.157062	0.217146	0.111014	0.0680234	0.36034	0.222743	-0.143887	0.0723673
T	0.12197	0.20438	0.209878	0.0528555	0.0569507	0.166781	-0.31335	-0.0668849
V	-0.0459016	0.0885394	0.0687113	0.046857	-0.584148	-0.0539609	-0.339698	-0.37989
W	-0.0787864	-0.0218079	-0.112524	-0.0785971	-0.336646	0.00103574	0.00458094	0.0455872
Y	-0.102689	0.0149419	-0.273546	0.055559	0.0173237	-0.0679995	0.0552673	0.22693


4.45657
