NumCols:	9
A	-0.160336	-0.151558	-0.329292	-0.0887094	0.0307909	0.015382	-0.250547	-0.112149	-1.06278
C	-0.00543784	0.620749	0.204265	-0.181397	0.0139722	0.0658863	-0.0184453	0.213762	0.326783
D	0.864724	0.520496	0.531321	-0.296864	0.0720298	0.35745	0.192002	0.335724	0.315789
E	0.824982	0.379413	0.697541	-0.256397	0.133108	0.398533	0.163643	0.0267343	0.418755
F	-0.806547	0.0481838	-0.282418	-0.0548079	-0.0702172	-0.16461	0.0487792	-0.132355	0.231766
G	0.00362946	0.354381	0.321562	0.00809048	-0.0664448	0.0587767	-0.0948655	-0.099992	0.179338
H	0.163501	0.720615	-0.184143	-0.0430534	-0.305292	0.141261	-0.169516	-0.000511315	0.920759
I	-0.161957	-0.950483	-0.301897	0.153179	-0.0566526	-0.367076	0.116932	0.144373	-1.05857
K	-0.120086	0.428016	-0.0533166	0.134286	-0.042258	0.432563	0.305201	0.12808	0.80886
L	-0.144086	-1.57	0.222407	0.165408	0.0586282	-0.430515	0.0185688	-0.063729	-0.880439
M	-0.416274	-1.58438	-0.527431	0.0326947	0.0033636	-0.292652	-0.215177	0.101995	-0.383249
N	0.0266656	0.641882	-0.328912	-0.0125225	0.05394	0.174704	-0.0173164	-0.0980646	0.345775
P	0.632495	0.864535	0.0271274	-0.0723428	0.31299	-0.0951353	0.114117	-0.217091	-0.340876
Q	0.229541	-0.67345	0.228964	0.18469	0.216809	0.162559	0.0361918	0.025844	0.510768
R	-0.139756	0.65469	0.0876378	0.184579	0.0508174	0.281062	0.256225	0.0981594	0.57148
S	-0.0736308	-0.163192	-0.223802	-0.094926	-0.0161276	-0.112456	-0.297347	-0.150416	0.0914202
T	0.112387	-0.410405	0.181068	0.0685376	0.106472	-0.140728	-0.320174	-0.027912	-0.373003
V	-0.0871108	-0.69094	-0.110908	0.248406	-0.0470879	-0.444206	0.0750216	0.149189	-1.6379
W	-0.138555	0.30496	0.310475	-0.0671642	-0.251794	0.0992602	0.026307	-0.117552	0.445233
Y	-0.604149	0.656485	-0.470251	-0.0116876	-0.197048	-0.14006	0.0304004	-0.204088	0.570094


4.80402
