NumCols:	8
A	0.226384	-0.0193402	0.0463851	0.0458083	-0.23812	-0.358293	-0.0301828	-0.0614421
C	0.123903	-0.00473484	0.0161494	0.0149245	0.0361177	-0.0154645	0.0101421	0.020635
D	0.0274584	0.00310905	0.072702	0.00372681	0.104756	0.0336423	0.00590947	0.022111
E	0.133801	-0.000362002	0.0763641	0.00214361	0.0932993	0.0337269	0.0143383	0.0129568
F	0.0557865	-0.0493388	-0.107275	0.103085	0.0152778	-0.131773	0.00365582	-0.00952276
G	0.153167	0.00556053	0.0706949	-0.0678998	0.0489958	0.0321415	-0.0410764	0.0336805
H	-0.0476691	0.0274084	0.0679226	0.0398461	0.133737	0.0556659	0.0499426	0.110715
I	0.148517	-0.0539349	-0.15202	-0.0824781	-0.297586	-0.167325	-0.00792116	-0.0511479
K	0.0419505	0.0431939	0.0636107	-0.0534393	0.091924	0.0363868	0.0578963	0.147843
L	-0.0749908	-0.016787	-0.0450676	0.00576448	-0.0651171	0.0476278	-0.0708641	-0.0361238
M	-0.802205	-1.85721e-05	-0.111638	0.0685194	-0.139901	0.0490078	0.00848531	0.0406072
N	-0.516971	0.0180224	0.024072	0.0499451	0.14532	0.14476	0.0197321	0.0342117
P	0.432655	0.0157955	-0.0524893	-0.15359	0.129228	-0.0726648	-0.084409	0.036735
Q	-0.0851347	0.0416713	0.0647309	0.00377585	0.0684941	0.165315	-0.00518257	0.0995135
R	0.168761	0.0840063	0.133956	0.0369985	0.126398	0.0693422	0.0977076	0.203393
S	-0.0275314	0.0161987	0.0851231	-0.00894702	-0.00921679	0.0452688	-0.00613693	-0.00357856
T	-0.0207288	-0.00894623	0.0472577	-0.0632161	-0.0823128	0.0199289	-0.0280123	-0.138506
V	-0.0336454	-0.0608285	-0.0816454	-0.0400138	-0.253848	-0.127861	-0.0635002	-0.415249
W	0.0467614	-0.0152001	-0.0672622	0.00579734	0.0822535	0.0911952	0.0368465	-0.0191931
Y	0.0497322	-0.0254749	-0.151571	0.0892492	0.0103002	0.0493732	0.0326294	-0.0276388


4.67239
