NumCols:	9
A	0.0488641	0.408772	-0.0878808	-0.00876016	-0.155829	-0.214544	-0.111257	-0.159046	-1.01417
C	-0.105234	0.462929	0.102065	-0.343916	-0.0883179	0.0426058	-0.197652	0.00680459	-0.119755
D	0.740487	0.894704	-0.0744566	-0.386064	-0.15901	-0.0134125	-0.0584679	0.124369	0.339177
E	0.747691	0.639033	0.183751	-0.594499	-0.056241	-0.0358461	0.221384	-0.00227969	0.231323
F	-0.741725	-0.127223	-0.311872	-0.074876	0.0975638	-0.130717	-0.426076	-0.047228	0.153443
G	-0.21263	0.787212	-0.0850229	0.0127158	-0.0678943	0.00611572	0.417122	-0.167742	0.151336
H	-0.0359889	0.884191	0.489072	-0.0212606	0.127572	0.182152	-0.278682	-0.014492	1.0596
I	-0.123445	-1.17145	-0.31136	0.278214	0.240125	-0.260471	-0.0500496	0.138558	-1.35857
K	-0.357622	0.7406	0.56579	0.150483	0.152826	0.308418	0.544366	0.27871	0.852575
L	-0.239542	-2.10929	-0.340213	0.186747	0.112223	-0.224883	0.305186	0.206827	-1.25927
M	-0.211293	-2.27218	-0.56313	0.234769	0.154132	-0.0588308	0.00865021	0.205426	-0.63919
N	-0.044784	0.456191	0.0941096	-0.167216	-0.290999	0.0192346	-0.00643063	0.106176	0.373194
P	1.11133	0.917601	0.206453	-0.0809739	0.111713	0.0969212	-0.00517942	-0.475223	0.0667485
Q	0.272792	-1.0986	-0.352706	0.207592	0.15656	0.0935384	0.308015	0.115697	0.560604
R	-0.00244995	0.816061	0.856986	0.20366	0.471754	0.595795	0.269559	0.247592	1.39735
S	0.0152741	0.0942059	0.0807673	0.0473916	-0.0675147	-0.132816	0.142825	-0.0757903	0.192088
T	0.119928	-0.47684	0.212073	0.127161	-0.160468	-0.129931	0.213782	-0.198513	-0.243249
V	-0.0841234	-0.887391	-0.11047	0.0942745	-0.0874337	-0.299402	-0.133478	-0.0460567	-1.84221
W	-0.205358	0.355875	-0.201248	0.0867839	-0.314989	0.201305	-0.540952	0.0851152	0.368543
Y	-0.692174	0.6856	-0.352708	0.0477742	-0.175772	-0.045232	-0.622666	-0.328904	0.730424


5.53364
