NumCols:	10
A	-0.0488634	-0.291359	-0.0832032	-0.00814615	-0.0272119	-0.092944	0.0866148	0.0815642	-0.240138	-0.735765
C	0.0822236	0.566604	-0.0244066	-0.0420865	-0.0784501	-0.0494944	-0.0980545	-0.10541	0.150819	0.637138
D	0.616295	0.455377	0.183673	-0.135928	-0.0619535	-0.0215863	0.0679775	0.0517033	0.36318	0.468229
E	0.52546	0.295383	0.323065	-0.0922388	-0.0486095	-0.0398971	0.158558	0.128462	-0.055472	0.174669
F	-0.743839	-0.172436	-0.298709	0.15174	-0.171244	-0.216449	-0.444934	-0.280996	-0.0125326	0.00868132
G	0.0849698	0.0436428	0.111461	-0.0751758	0.0251285	0.0284018	-0.0464032	0.136427	-0.189924	-0.786721
H	-0.08039	0.351073	0.238298	0.111335	0.0550996	0.146422	0.141926	0.0683544	0.102186	0.574617
I	0.00797025	-0.54552	-0.307766	-0.0229992	-0.0681523	-0.0708263	-0.245329	-0.128594	0.140178	-0.653691
K	-0.157441	0.27564	0.590123	0.281095	0.222068	0.219656	0.418265	0.50199	0.339842	0.746856
L	-0.219517	-0.517688	-0.448768	0.042774	-0.00892645	-0.148928	-0.364096	-0.0587803	0.0181946	-0.618701
M	-0.332595	-0.590445	-0.480089	0.0368574	-0.016596	-0.0314848	-0.166542	-0.165983	0.0751556	-0.4091
N	0.130887	0.229748	0.245147	-0.0499983	0.0542553	0.114024	-0.0442875	0.0172978	0.0382478	0.370042
P	0.744752	0.507943	-0.0503531	-0.149105	0.00290899	0.00200329	0.0434888	-0.269886	-0.44894	0.192162
Q	0.233972	-0.715536	0.120726	-0.0279812	0.129873	0.0821021	0.116948	0.131213	-0.079003	0.095355
R	-0.13222	0.465023	0.627347	0.169814	0.323429	0.220235	0.329907	0.365758	0.196506	0.41934
S	-0.141173	-0.278054	0.0614444	-0.0305998	0.0207031	0.0728036	0.0334993	0.108022	-0.0619965	-0.383561
T	0.114058	-0.423205	0.0886979	-0.0909053	-0.0664652	-0.0342089	0.0466145	0.131499	-0.0959616	-0.233858
V	0.117522	-0.532599	-0.304743	-0.0357645	-0.0592685	-0.0764817	-0.0558061	0.0259585	0.173111	-1.25006
W	-0.204679	0.51062	-0.240426	-0.0249136	-0.150902	-0.0238948	0.00647486	-0.429582	-0.0514294	0.774871
Y	-0.597392	0.36579	-0.351518	-0.00777377	-0.0756855	-0.0794532	0.0151771	-0.309018	-0.362022	0.609501


4.34841
