NumCols:	8
A	0.178048	0.0503051	0.233605	0.0334527	-0.273266	-0.18294	-0.0215917	0.0811254
C	0.088157	0.0550333	0.0300443	-0.0656214	-0.0323608	0.00998451	-0.017251	0.02452
D	0.172398	0.0441562	0.203302	0.027155	0.351049	0.0434811	-0.0116441	-0.106289
E	0.168059	-0.0687603	0.323999	0.0436407	0.210844	0.0115526	-0.00805688	-0.0845837
F	-0.248159	0.143194	-0.4018	-0.0512529	-0.624961	-0.162098	-0.0410159	0.0772457
G	0.127645	0.0755326	-0.118056	-0.162203	0.154647	0.102996	-0.0141523	0.0708923
H	-0.0432563	-0.0696355	0.122077	0.161777	0.287795	0.13231	0.0277133	0.296398
I	-0.295467	-0.195258	-0.272123	-0.145137	-0.0771894	-0.199306	0.0524416	-0.216517
K	-0.0885135	0.091119	0.217197	0.187961	0.483621	0.164221	0.121987	0.313133
L	-0.36758	-0.189666	-0.217449	-0.0200774	-0.283128	-0.163916	0.00129304	-0.21962
M	-0.343763	-0.305943	-0.21662	-0.000189309	-0.147634	-0.0633013	0.0368133	0.065718
N	0.0266482	0.0300504	0.00396309	0.0052491	0.178104	0.066281	-0.0233153	-0.0116035
P	0.465968	0.212816	-0.387035	-0.0978855	0.588784	-0.0763218	-0.097104	-0.728874
Q	0.208542	-0.217666	0.0285136	-0.0552394	-0.0249805	0.112377	0.0208425	-0.0146945
R	0.103644	0.207528	0.175044	0.259954	0.253078	0.295936	0.112175	0.469731
S	0.11151	-0.071439	0.292644	0.0285661	-0.0332466	0.0969807	-0.03521	0.135854
T	0.0785715	0.00769876	0.211821	-0.0117247	-0.189668	0.00952634	-0.0500566	-0.042659
V	-0.158815	0.0122149	-0.077848	-0.046145	-0.559588	-0.16387	-0.0374825	-0.480991
W	-0.0418174	0.0386648	-0.18166	-0.113089	-0.130993	0.00545744	-0.0204467	-0.0320379
Y	-0.141818	0.150055	0.0303791	0.0208105	-0.130905	-0.0393513	0.00406114	0.403252


4.59045
