NumCols:	9
A	0.381043	-0.314931	-0.23246	-0.0149462	-0.0161351	0.177635	-0.00508666	-0.319474	-1.21644
C	-0.2235	-0.0340429	-0.0828637	-0.0504887	-0.138845	-0.0547687	-0.0622205	0.0581049	-0.0686795
D	0.455854	-0.026818	0.325897	0.117396	0.134629	0.130004	0.0260853	0.0890039	-0.111412
E	0.397442	0.0385684	0.276699	0.0211175	0.321648	0.119437	0.117909	-0.024207	-0.0721063
F	-1.26481	0.21103	-0.265014	-0.0734176	-0.184786	-0.328345	-0.206635	0.131633	0.482559
G	0.258287	-0.0616393	0.290173	0.0269167	0.0335014	-0.0127833	0.0253017	0.00578472	-0.198079
H	-0.126595	0.164649	0.055092	-0.056776	-0.0372343	-0.0559201	0.0172723	0.162212	0.453859
I	-0.211083	0.106056	-0.253059	-0.0463208	-0.378759	0.0121448	-0.130503	-0.0930694	-0.140664
K	0.243825	0.0905874	0.251376	0.0254094	0.175941	0.0706516	0.0812917	0.193429	0.364692
L	-0.530225	0.286667	-0.0534463	-0.128703	-0.0992277	-0.0529846	0.0493788	-0.0685653	0.46254
M	-1.07299	0.413814	-0.208432	0.0738315	-0.412505	-0.076349	0.03474	0.0653744	0.577123
N	0.0788002	0.0832995	-0.0452637	-0.0299305	0.227907	-0.00388167	-0.0567594	-0.0293648	0.199628
P	0.978348	-1.16896	0.287058	0.0264865	-0.00278328	0.120299	-0.042308	-0.397678	-0.594565
Q	0.462078	-0.0861929	0.249937	0.055554	0.286372	0.192989	0.175197	-0.0674754	0.105706
R	0.311305	0.158029	0.0530676	0.111748	0.177702	0.104042	0.143629	0.259494	0.3634
S	0.197112	0.127737	0.179731	0.0451948	0.171598	0.0355168	0.135127	-0.0810417	-0.295178
T	0.342981	-0.0034102	-0.00947573	0.0400957	-0.0213905	0.064837	0.079279	-0.0691545	-0.503969
V	0.134675	-0.0309957	-0.121018	-0.0472265	-0.145743	-0.000674605	-0.0908295	-0.13009	-0.572558
W	-0.635254	0.0807357	-0.257764	-0.058197	-0.0836826	-0.213747	-0.113153	0.183172	0.397943
Y	-0.177291	-0.0341879	-0.440233	-0.0377435	-0.00820794	-0.228102	-0.177715	0.131913	0.366195


4.44141
