NumCols:	9
A	-0.1472	0.138404	-0.556392	-0.201837	0.0377216	0.0593164	-0.0847968	-0.0546547	-0.439772
C	0.185798	0.344142	0.142158	-0.0964701	-0.0459104	0.0181743	-0.0693531	0.125234	0.344896
D	0.851742	0.478158	0.0520563	-0.323947	0.0543391	0.133208	-0.117692	0.461343	0.0365765
E	0.685095	0.555642	0.339882	-0.232649	0.0148322	0.0692952	-0.102705	-0.143535	-0.139229
F	-0.958595	-0.248623	-0.421669	0.00538298	-0.293027	-0.195508	-0.360882	-0.421495	-0.10263
G	0.0625583	-0.0205571	0.179754	-0.148451	0.0820329	0.158628	0.201218	-0.0291027	0.113693
H	0.0909666	0.200314	0.102276	0.0861254	-0.0468444	0.11563	-0.118434	0.0462397	0.688449
I	-0.132291	-0.596949	-0.168642	0.143848	-0.287203	-0.261386	0.168091	0.226964	-0.664967
K	-0.167534	0.277433	0.404398	0.123319	0.14316	0.415318	0.582453	0.228526	0.690073
L	-0.138204	-1.36751	0.219596	0.137905	-0.0841588	-0.251124	0.174474	-0.258719	-0.959892
M	-0.474793	-1.25507	-0.592414	0.124899	-0.00653253	-0.164542	-0.0309685	0.0763451	-0.314847
N	0.089037	0.380785	-0.246931	0.0942828	0.105978	-0.0579942	-0.0697461	0.000184141	0.0665448
P	0.58887	0.989015	0.145231	-0.100278	0.30321	0.0655226	0.220784	-0.0651735	-0.273134
Q	0.102158	-0.308497	0.249957	0.0413584	0.125535	0.0200842	0.119653	-0.0102224	0.0487644
R	0.0273982	0.854337	0.503828	0.263472	0.147792	0.305888	0.479164	0.0985568	0.62892
S	-0.0663981	-0.0209711	-0.374818	-0.0810832	0.110187	-0.0951073	-0.0128207	-0.0728006	0.315061
T	0.161185	-0.116128	0.106821	0.046684	0.155522	-0.140678	-0.118814	0.189676	0.102783
V	0.0432119	-0.362407	-0.057491	0.0906095	-0.0707312	-0.167255	-0.0788881	0.238383	-1.09257
W	-0.186431	-0.0920277	0.140009	0.0377105	-0.0624923	-0.00535812	-0.368882	-0.13599	0.396352
Y	-0.616573	0.170514	-0.167609	-0.0108808	-0.383412	-0.0221113	-0.411856	-0.49976	0.554931


4.19916
