NumCols:	10
A	-0.337585	0.0155205	0.00101916	-0.112246	-0.168533	-0.0722514	0.0958642	-0.080775	0.0686028	0.145361
C	0.0725837	0.552986	0.0239438	-0.0702799	-0.0938935	0.0424759	0.0604457	-0.0363446	0.0648199	0.253662
D	0.52475	0.324811	0.293578	0.0818026	0.403874	0.425394	0.518616	0.353459	0.348455	0.329266
E	0.535326	0.252462	0.545646	0.403121	0.367504	0.283927	0.464338	0.305568	0.114834	0.407422
F	0.0623331	0.0405778	-0.24425	-0.359194	-0.207169	-0.0684798	-0.291955	-0.131374	-0.322759	0.0900811
G	-0.0590674	0.291511	0.159505	-0.0687676	-0.0915218	-0.0137232	-0.0167485	0.127737	0.00480796	0.0354284
H	-0.16153	0.123954	-0.0090987	0.100018	-0.150335	-0.00911171	-0.152584	-0.0205206	-0.000724831	0.0483194
I	-0.272647	-0.601033	-0.133049	0.0133529	0.047721	-0.161581	-0.0133744	-0.194647	0.234211	-0.0238832
K	-0.470822	0.254465	0.123147	0.194201	-0.0710576	-0.062941	0.083186	0.309532	0.144081	-1.73886
L	-0.106095	-0.774259	-0.292941	0.0199257	0.00931694	0.00058829	-0.206667	-0.341028	-0.184558	0.206204
M	-0.347763	-0.799615	-0.519768	-0.148584	-0.0366864	-0.0368209	-0.275235	-0.401155	-0.042511	0.0337909
N	0.227139	0.511104	-0.0116394	-0.119372	0.0768885	0.077072	0.0965105	0.252558	0.0102465	0.169131
P	0.63365	0.358054	0.347636	0.0100659	0.0674934	-0.0393258	0.0566655	0.135883	-0.120943	0.327841
Q	0.0981077	-0.042633	0.29801	0.218024	0.161672	0.0469484	0.100387	0.217671	0.0834068	0.395969
R	-0.535546	0.414589	-0.0286367	0.0510888	-0.094736	-0.0999668	-0.0453439	0.0504988	0.0689126	-0.65899
S	-0.122643	-0.243833	-0.0390883	0.029139	0.126103	-0.105292	-0.175468	-0.203864	-0.00346509	0.155589
T	0.00176785	-0.460094	0.151681	0.0370716	0.0166314	-0.123359	-0.119675	-0.0397075	-0.0101851	0.314159
V	-0.0171865	-0.476918	0.040005	0.107815	-0.0741043	-0.116004	0.016594	-0.0588441	0.0850981	0.241064
W	0.210195	0.298208	-0.0704464	-0.0521264	-0.190262	0.0311207	-0.0426131	-0.109344	-0.158438	0.100539
Y	0.0650331	-0.039857	-0.635252	-0.335055	-0.098906	0.0013312	-0.152945	-0.135303	-0.383892	-0.832094


4.59935
