NumCols:	10
A	0.0872884	-0.123029	-0.213573	-0.0484208	-0.0269711	-0.0365411	0.00279975	-0.00576617	0.11696	0.0132242
C	-0.0683311	-0.0212993	0.114415	-0.00249382	0.00574486	-0.00197465	0.000882864	0.00535246	-0.0801057	-0.00527879
D	0.185543	0.81043	-0.49867	-0.242095	-0.0190796	0.00141241	-0.0241488	-0.00763309	-0.0372702	0.191112
E	-0.0363626	0.779117	-0.32582	-0.0606431	0.00390945	0.015292	0.0104482	-0.000994789	-0.0840519	0.101477
F	-0.29614	-0.141009	-0.0675307	-0.086017	0.0268627	-0.0109144	-0.0560979	-0.00947354	-0.200065	-0.595925
G	0.144009	0.329173	-0.0445092	0.106375	0.0219948	0.00292096	0.0395263	-0.00256222	0.077067	0.23945
H	0.0115927	-0.0456454	0.138277	-0.0479014	-0.00610793	0.00305078	0.00800593	0.00873413	-0.12209	-0.111905
I	-0.0709757	-0.372248	0.090275	-0.0788319	0.0486622	0.00417729	-0.107053	-0.00188358	-0.0542551	-0.35047
K	0.36281	0.644867	0.150422	-0.03581	0.0137085	-0.00301138	0.0725188	0.0186301	0.0935597	0.00681023
L	-0.13132	-0.451489	0.0812612	0.0122503	0.0225174	0.0331135	-0.0562411	-0.00109635	-0.124654	-0.352258
M	-0.183381	-0.340239	-0.0372856	-0.105975	0.0092961	0.000657835	-0.0349222	0.00181636	-0.0439411	0.0298267
N	0.0600688	0.381781	0.0526142	0.0900332	-0.01734	0.00750119	0.0455727	0.0026971	0.0209605	0.253324
P	0.304376	0.188015	0.306981	0.238421	0.0113815	0.044983	0.0328023	0.00536462	0.207027	0.971194
Q	0.118234	0.346714	0.0209433	0.294069	0.0103915	0.0107735	0.0526059	0.00494238	0.0963732	0.602588
R	0.283699	0.342452	0.0710064	0.123144	0.00689835	-0.0140365	0.0813956	0.0198824	0.117222	0.0818895
S	-0.0858403	-0.960521	-0.204295	-0.0662117	-0.0347324	-0.0177169	0.0387565	-0.000405897	0.169067	0.542855
T	-0.135703	-1.05618	0.0101181	-0.0878538	-0.0481046	-0.0108402	-0.00281369	-0.00136232	0.140016	0.11488
V	-0.215622	-0.156736	0.172252	0.0277297	-0.0115494	0.00308798	-0.0408416	-0.00777096	0.0651206	-0.0520602
W	-0.185995	-0.108255	0.147003	-0.000959808	-0.00588794	-0.00522382	-0.00639548	-0.000321962	-0.10395	-0.241597
Y	-0.147951	-0.0458944	0.0361157	-0.0288098	-0.0115944	-0.0267114	-0.056801	-0.0281487	-0.25299	-1.43914


4.79449
