NumCols:	9
A	-0.359679	-1.68253	0.123909	-0.13238	-0.160945	-0.192332	-0.438312	0.259313	1.31227
C	0.133977	0.254996	0.152721	-0.0243828	0.135499	0.114887	-0.0438018	0.00294076	-0.257617
D	1.08875	0.536952	0.560467	-0.0261706	0.397139	-0.0962089	0.520637	0.281566	-0.0475855
E	0.510446	0.975954	0.260511	-0.0664106	0.201481	0.124083	0.313725	0.0658203	-0.182502
F	-0.202101	1.03585	-0.473739	-0.298623	0.00922949	0.16526	-0.216932	0.385386	-1.45835
G	0.211825	-0.310449	0.378667	0.0876841	-0.0381573	-0.189028	0.134088	-0.0237062	0.297033
H	-0.072289	0.832763	-0.133223	-0.0387711	0.110394	-0.0686294	-0.0430796	-0.095501	0.384791
I	-0.51952	-0.317696	-0.186562	-0.147274	0.232733	-0.0737417	-0.10033	0.102919	-0.784346
K	-0.399129	0.900504	0.161195	0.1703	-0.012525	0.362271	0.160072	-0.0802214	1.68832
L	-0.292745	-0.206624	-0.190368	-0.0744855	0.00438205	-0.0875926	-0.441368	0.0437555	-1.03783
M	-0.604423	-0.585954	-0.211965	0.0572772	-0.083639	-0.352681	-0.102324	0.0813031	-1.01513
N	0.617298	0.430114	0.0355655	0.234346	-0.041758	0.02175	0.357488	-0.101042	-0.207254
P	1.43028	0.342629	0.866828	-0.227516	-0.115138	0.0218688	-0.177275	-0.128664	0.837817
Q	0.093476	0.150336	0.240938	0.117174	-0.0514351	0.153065	-0.162214	-0.261962	0.165584
R	-0.671541	1.43579	-0.116363	0.274749	-0.100209	0.442073	0.25733	-0.158807	1.8219
S	0.00823434	-2.06299	-0.103158	-0.0424264	-0.301285	-0.372444	-0.228066	-0.0893151	0.854259
T	0.18107	-2.06806	0.0176675	0.141874	-0.182383	-0.167611	-0.204424	-0.232669	0.559259
V	-0.237157	-1.22559	-0.273881	0.0355326	0.183405	-0.0915423	-0.0782677	-0.0367724	0.0704904
W	-0.334338	0.561063	-0.215587	-0.128629	-0.0113439	0.0858572	0.25744	-0.00858653	-1.52434
Y	-0.582434	1.00295	-0.893622	0.0881319	-0.175446	0.200696	0.235613	-0.00575502	-1.47677


4.95866
