NumCols:	10
A	0.151487	0.324561	-0.10682	-0.0262164	-0.0317077	-0.0434919	-0.0100653	0.0125984	-0.0500535	-0.1745
C	0.115995	0.117528	-0.0126695	-0.0071488	0.0253284	-0.0150678	-0.0214807	-0.153698	0.12932	-0.350385
D	0.224199	0.288236	0.130518	0.000480536	0.0190061	-0.00550649	-0.0877845	0.185077	0.285379	-0.154481
E	0.176916	0.519166	0.200108	0.0302774	0.0596035	0.0143706	0.0198891	0.0893311	0.139387	-0.20932
F	-0.149276	-0.39035	-0.491686	0.0725862	-0.0740381	-0.0588266	-0.191573	-0.355146	-0.186254	-1.34029
G	0.166074	0.189548	0.0567227	-0.042009	0.0735895	-0.0495257	-0.011	0.197288	0.193834	-0.150182
H	0.0490427	-0.102585	0.0127676	0.0169961	-0.0137136	0.0695051	0.0112835	-0.0185512	0.0368425	0.178404
I	-0.103304	0.0993397	-0.058501	0.0445322	0.0310978	-0.031871	0.0791654	-0.0175692	-0.0209147	-0.156843
K	-0.0261246	0.0720857	0.25753	-0.0852507	0.0626446	0.111814	0.0662967	0.600484	0.126072	0.724882
L	-0.0351719	-0.048593	0.111	0.0838541	0.0174254	0.0218755	0.0626828	-0.0364081	-0.155764	-0.197787
M	-0.0764136	-0.246654	-0.21945	0.032248	-0.00318988	-0.00344985	0.0422531	-0.13338	-0.0533357	-0.0260476
N	-0.024151	0.411764	0.190672	0.0187704	0.0294988	0.00286612	-0.0161352	-0.0163207	0.0566715	-0.00175265
P	0.0367555	0.58231	-0.376435	-0.0272197	0.100507	0.0249586	-0.0575938	-0.219217	0.0784165	0.072065
Q	0.0692734	0.264912	0.218285	0.0187357	0.0937578	0.0116194	0.169938	0.0459502	0.0504278	0.259121
R	-0.218792	0.0542153	0.137195	-0.0493061	-0.0231379	0.119007	0.137314	0.466047	0.107044	0.70012
S	0.0499621	0.16301	0.0398433	-0.0396563	-0.00558725	-0.0391751	0.0394004	0.02516	-0.0867847	0.2843
T	-0.0121651	0.321371	0.221017	-0.0224484	-0.0565755	-0.0577084	-0.0304832	-0.03247	-0.191075	0.319732
V	-0.200326	0.15035	0.134102	0.0549542	-0.0198136	-0.022625	-0.00662481	0.0448981	-0.270248	0.437368
W	0.0382924	-1.23685	-0.157663	-0.0219361	-0.0594961	-0.0201194	-0.0750577	-0.266536	0.0376209	-0.575883
Y	-0.232272	-1.53336	-0.286535	-0.0522434	-0.225199	-0.0286491	-0.120425	-0.417538	-0.226585	0.361476


4.41125
