NumCols:	10
A	-0.132472	-0.102602	-0.2181	-0.0890995	0.0286199	-0.0250976	0.0283396	-0.287385	-0.238662	-0.722766
C	0.0789871	0.652086	0.0397862	0.0765801	-0.0575801	-0.00336519	0.0350823	-0.0461059	0.404553	0.176792
D	0.572859	0.524518	0.375727	-0.0836472	0.0232177	0.0139946	0.295751	0.237694	0.359005	0.173972
E	0.560882	0.333827	0.562712	-0.052737	0.0121241	-0.00718897	0.357193	0.112163	-0.0607735	-0.0601765
F	-0.590599	0.199082	-0.415953	0.250705	-0.15686	-0.0365207	-0.169869	0.122002	0.0264451	0.233879
G	-0.0333232	0.229867	0.0171579	-0.0593587	-0.00381978	-0.0211729	0.11066	-0.160192	-0.244611	-0.0977892
H	-0.201603	0.167401	-0.117363	0.125305	-0.0332897	0.0532752	-0.0131809	-0.0415575	0.0319476	0.760741
I	-0.0182644	-0.57892	-0.188091	0.0825038	-0.0060602	-0.0571541	-0.259176	0.0523992	0.065784	-0.686117
K	-0.145076	-0.473358	-0.00353302	0.0653334	0.0871693	0.0898684	0.290123	0.119519	0.207314	0.795001
L	-0.140514	-1.10343	0.0213141	0.0740606	0.0287402	-0.0237942	-0.357411	-0.0692369	-0.0189322	-0.529906
M	-0.256246	-1.12535	-0.500129	0.0452616	0.0107038	-0.0158568	-0.187212	-0.102633	0.0317766	-0.0438608
N	0.0752536	0.527706	0.125647	-0.117109	0.00192566	0.0231914	-0.00223562	-0.0318765	0.0238305	0.30777
P	0.699551	0.672897	0.333454	-0.0571128	0.0118321	0.00045803	-0.139619	0.066104	-0.383885	-0.325425
Q	0.164075	-0.388214	0.410329	-0.0897659	0.0848534	0.0173585	0.17583	0.00287019	0.177357	-0.00229735
R	-0.140995	0.051534	0.0513341	-0.0443087	0.131575	0.104255	0.220628	0.124363	0.201145	0.533316
S	-0.142918	-0.220192	-0.0662087	-0.166325	-0.00813399	-0.0146389	-0.0117526	-0.251473	-0.246828	-0.0556161
T	0.00636994	-0.156754	0.154329	-0.0802443	-0.00342896	-0.0289068	-0.170214	-0.164443	-0.257251	-0.20311
V	0.187627	-0.367516	0.0199128	0.0452266	0.00921905	-0.0450946	-0.229377	0.0102584	0.0634235	-1.22686
W	-0.0324304	0.605483	-0.0847181	0.0935804	-0.0964303	-0.00891172	0.0346117	0.11084	0.324818	0.414179
Y	-0.511165	0.551942	-0.517607	-0.0188484	-0.0643768	-0.0146983	-0.00817099	0.19669	-0.466458	0.558275


4.15689
