NumCols:	8
A	0.210498	0.381656	0.125156	-0.0677608	0.134229	0.0519798	0.0225118	0.0483215
C	-0.138634	0.0203568	0.0257016	-0.0825737	0.109691	0.0399094	0.0534091	0.0306193
D	0.503609	0.466908	0.444551	0.110707	0.221244	0.198675	0.0498837	0.557694
E	0.29642	0.365408	0.669058	0.0553378	0.240812	0.16814	0.0384832	0.262055
F	-0.125397	0.192418	-0.955311	-0.217509	-0.297152	-0.198191	-0.0181624	-0.236228
G	0.0123495	0.0790472	-0.116757	0.0169536	0.277137	0.157064	-0.00598436	0.0358672
H	-0.370595	-0.413637	-0.140833	0.0386289	0.0246669	0.0205131	-0.0114559	0.0133627
I	-0.0437444	0.437545	0.0363051	-0.138957	-0.276805	-0.289991	0.014887	-0.223802
K	-0.390269	-0.170883	0.402498	-0.0353464	0.00473841	0.192116	-0.0402018	-0.191852
L	-0.0440807	-0.0113134	-0.262101	-0.0632206	-0.289874	-0.18062	-0.0296188	-0.362904
M	-0.177485	-0.347745	-0.286631	-0.190957	-0.201156	-0.212115	0.0155436	-0.17763
N	0.120101	-0.0885081	-0.0311976	0.14106	0.104801	0.0675449	0.00156484	0.206269
P	0.979819	0.419183	1.06878	0.329393	0.101607	0.0870658	-0.211143	0.41649
Q	0.0700005	-0.0560777	0.356052	0.116753	0.0552552	0.0661169	0.0018202	0.0348992
R	-1.04029	-1.38337	-0.0153897	-0.0952685	0.0680733	0.039925	-0.00636687	-0.097752
S	-0.120377	-0.0230405	0.530858	0.0425202	0.129675	0.122912	0.0404871	0.101441
T	0.205526	0.318296	-0.27624	0.111536	0.00577015	0.160299	0.0406851	0.0690613
V	0.346929	0.272397	-0.261655	0.16591	-0.0506341	-0.078092	0.0199794	-0.139407
W	-0.201345	-0.499469	-0.740798	-0.108074	-0.207609	-0.189184	0.00294908	-0.135941
Y	-0.0930372	0.0408333	-0.572046	-0.129132	-0.154469	-0.22407	0.0207287	-0.210564


4.66784
