NumCols:	9
A	0.141517	-0.393064	-0.00400041	-0.0103997	-0.0844651	0.0623093	-0.142863	-0.0195178	0.414547
C	0.00887982	0.0484057	0.0713786	0.0715492	0.0456761	0.037033	-0.0443765	0.00406542	-0.0231707
D	-0.048377	0.0870453	0.223122	0.14615	0.147604	0.0849063	0.0247977	0.00135508	0.0336785
E	0.108913	0.11576	0.165246	0.113764	0.141677	0.0643463	-0.0735809	0.0394921	-0.0454024
F	-0.351831	0.0251096	0.0347163	0.0399954	0.048541	-0.112793	-0.23185	-0.0103272	-0.492961
G	0.145781	0.0323912	0.00223628	0.113148	0.0457529	0.00979685	0.0401732	-0.0514584	0.0796193
H	-0.0818449	0.260863	-0.104027	-0.152277	-0.128766	-0.0400668	0.00667336	-0.0217608	-0.0181422
I	0.0486269	-0.169618	-0.0933203	-0.00515915	0.027727	-0.0201053	0.0507491	0.0185251	-0.178293
K	0.275149	0.100818	-0.510458	-0.219035	-0.372786	-0.0958622	0.142164	0.0529517	0.0979715
L	-0.088648	-0.232803	0.0031894	0.054722	0.124053	0.0478425	-0.0822216	0.0933571	-0.402491
M	-0.317622	-0.462883	-0.0313024	-0.00701131	0.0443898	0.0435576	0.0204374	0.00707595	-0.172004
N	-0.0476141	0.0584789	0.0892566	0.108273	0.133259	0.0653517	0.000576443	0.0218543	-0.0460512
P	0.372757	-0.103859	0.194457	0.128672	0.116395	0.0164929	0.0648399	-0.0686942	0.187923
Q	0.0861544	0.011974	0.062471	0.0431275	0.0921086	-0.0152254	0.0825058	0.0371589	0.0518832
R	0.251031	0.171108	-0.359783	-0.508024	-0.572461	-0.161894	0.151386	-0.00860944	0.187646
S	0.08198	-0.0343524	-0.00718788	0.00222994	0.0521154	-0.0215192	0.0829119	-0.0511323	0.259589
T	0.00184601	0.0844146	0.0784403	0.0499289	0.104502	-0.043611	0.0328419	-0.0739716	0.222998
V	0.117462	0.0316962	0.0726522	0.0377453	0.0869982	0.0844312	-0.0118198	-0.00144331	0.018419
W	-0.267085	0.164734	0.109111	0.0849729	0.0767201	0.0332198	0.00865165	0.0235632	-0.153487
Y	-0.437075	0.203781	0.00380218	-0.0923709	-0.129042	-0.0382111	-0.121997	0.00751625	-0.0222715


5.06562
