NumCols:	10
A	0.207405	0.0221369	0.0179566	0.00642114	0.00923929	-0.00832391	-0.00614294	-0.107269	0.0465189	-0.565006
C	0.0329849	0.0117594	0.0535128	0.000992652	-0.000229489	0.00735817	0.00199549	-0.0182706	0.0665975	0.0218176
D	0.0659142	0.0161779	0.125483	0.00296862	0.00312079	0.006526	0.000723416	0.0280366	0.200382	0.121284
E	0.0349532	0.0126154	0.0671038	-0.00406187	0.00343034	0.0156199	-0.000371244	0.0266105	0.192649	-0.0484346
F	-0.0266474	-0.00600918	-0.071744	0.00259362	0.00786413	0.0351426	0.00207713	-0.0234833	0.187603	0.0322235
G	0.138898	0.0121717	-0.0906043	0.00526737	0.0026813	0.010536	0.00462795	-0.0506982	0.0775938	0.113928
H	-0.0240635	-0.00784588	-0.134889	0.00231844	-0.0117045	0.00766154	-0.00561252	0.0290109	-0.0277823	0.251497
I	-0.228238	-0.016607	0.124998	-0.0147956	0.00993992	-0.0141389	0.00531231	0.0199063	-0.38633	-0.27787
K	-0.018703	-0.0723315	-0.160465	0.00241527	-0.0162301	-0.0471984	-0.00480104	-0.00153335	0.364618	0.311721
L	-0.270978	-0.0306693	-0.0899204	-0.0117081	0.00457483	0.00444673	-0.00031632	0.0460734	0.0846498	-0.752876
M	-0.129261	-0.0472523	-0.153023	-0.0134279	6.94896e-05	0.0122803	0.00216736	0.0541657	0.142283	-0.48304
N	-0.00901704	0.0135928	-0.0413063	-7.9816e-05	-0.00554773	0.00624226	0.00237174	0.0935036	-0.0346234	0.136536
P	0.178747	-0.0505862	0.253701	0.0193579	-0.00326681	-0.00766748	-0.00618303	-0.027066	-0.212409	0.148216
Q	0.00958913	-0.00987105	-0.112936	-0.00627101	-0.00156578	0.0109709	0.0014008	0.072042	-0.111146	0.0582263
R	0.0150164	-0.0578736	-0.263761	0.00596173	-0.0163871	-0.0222321	-0.010508	0.0198397	0.284146	0.267377
S	0.156839	0.0608045	-0.00936155	0.000736832	-0.00208049	-0.0165056	0.00184782	0.00503818	-0.591562	0.215959
T	0.0490553	0.0876672	0.161742	0.00176679	0.00457013	-0.0127438	0.00160365	-0.0201698	-0.167702	0.159057
V	-0.0508647	0.0291922	0.228765	-0.00401233	0.0112136	-0.028455	-0.000496893	-0.0845955	-0.26891	-0.234055
W	-0.0894215	0.0202614	0.117339	-0.000379851	0.0017411	0.0154932	0.00739632	-0.0174507	0.0444456	0.308377
Y	-0.042208	0.0126667	-0.0225905	0.00393605	-0.00143298	0.0249877	0.00290798	-0.0436906	0.108978	0.21506


4.36565
