NumCols:	9
A	0.136386	0.136062	-0.278096	-0.342836	0.0101205	-0.308227	-0.0745608	-0.742113	0.151924
C	0.012833	0.250102	0.00826104	-0.118207	-0.0673841	0.09429	-0.0389862	0.00962866	0.219173
D	0.343469	0.295308	-0.238925	-0.114791	0.0858226	0.351226	0.252184	0.294071	0.430708
E	0.0792151	-0.124415	-0.160485	-0.26875	0.172726	0.180536	0.324292	0.0242628	0.315884
F	-0.723045	0.896046	-0.431681	0.12795	-0.186968	0.0714932	-0.328262	0.3283	-0.463963
G	0.348746	0.546918	0.553939	-0.170529	-0.181792	0.0239024	0.310486	0.0622298	0.422953
H	-0.680621	-1.02719	-0.086729	0.0982723	0.0753516	0.0557056	-0.276442	0.381966	0.299941
I	0.443152	0.299428	-0.49519	0.373972	0.0154706	-0.0273678	-0.221124	-0.317905	-0.76122
K	0.369341	-0.538707	1.11314	0.171788	0.306294	0.187124	0.633271	0.404522	0.399651
L	0.308051	0.0804406	-0.214729	0.111629	-0.0286425	0.186826	-0.172479	-0.0670493	-1.65195
M	-0.631528	-0.316094	-0.740368	0.133687	0.0366739	-0.149195	-0.168637	0.169076	-0.965179
N	-0.366667	0.217307	0.0232539	0.0425891	-0.0547441	0.00310466	-0.130685	0.300402	0.242079
P	1.32326	-0.646162	0.822668	-0.017278	0.277932	-0.156418	0.0619568	-0.649765	0.122437
Q	0.149607	-0.832586	-0.196208	-0.0719793	0.174644	-0.0270325	0.165055	-0.0516809	0.113219
R	0.0292419	-0.85153	0.707256	0.27013	0.235151	-0.0484129	0.487774	0.264693	0.775847
S	-0.0974401	0.12409	-0.15339	-0.208809	-0.0324066	-0.234726	-0.0796553	-0.380907	0.462125
T	-0.310137	0.484005	0.239346	-0.159999	-0.197731	-0.110442	0.125076	-0.35884	0.143526
V	0.41579	0.2408	-0.23942	0.0372786	-0.02419	-0.144504	-0.254987	-0.590069	-0.855201
W	-0.503051	0.398913	0.0654993	0.00191177	-0.370325	0.0529927	-0.319422	0.408539	-0.00260735
Y	-0.646607	0.36726	-0.298147	0.103972	-0.246002	-0.00087561	-0.294854	0.510638	0.600659


5.20915
