NumCols:	10
A	-0.0302109	0.103689	-0.133401	0.0184907	-0.273716	0.0208479	-0.0295935	-0.0824405	-0.186078	0.334134
C	0.0596685	0.244852	0.09217	0.00166305	-0.152918	-0.00481954	0.0215085	-0.037816	0.0204299	-0.0430327
D	0.161612	0.151322	0.239315	0.0274142	0.151073	0.163961	-0.0101608	0.372614	0.437635	0.0437562
E	0.257725	0.712603	0.181383	0.0107987	0.120181	0.154983	0.00946009	0.243297	0.164827	-0.000394349
F	-0.311557	-0.662831	-0.640477	-0.0254836	-0.132094	-0.296536	-0.0304346	-0.392408	-0.434917	-0.885178
G	-0.00299678	0.0967148	-0.103484	-0.0200511	0.152992	-0.0933601	-0.0226398	0.169433	-0.049208	0.00757815
H	-0.0300093	-0.0964939	-0.0144781	-0.0137562	0.171037	0.144706	-0.0116564	0.241959	0.0872196	-0.26368
I	-0.162186	0.048781	-0.271603	0.000612983	-0.279369	-0.267328	0.0717172	-0.15517	0.0421444	0.19422
K	0.122883	0.241901	0.0801208	-0.0194968	0.270552	0.248715	0.0299569	0.263401	-0.0306009	0.281752
L	0.0161814	-0.0801593	-0.0314157	-0.00865553	0.0533685	0.0635537	0.042195	-0.299622	-0.0762048	0.0203057
M	-0.138254	-0.615661	-0.135491	-0.0169235	-0.0872457	-0.119296	0.0111332	-0.173989	-0.0185827	-0.111018
N	0.121251	-0.0808413	0.105362	0.00081744	0.0122112	0.0239488	-0.00127149	0.262312	0.0245011	-0.0168115
P	0.291253	0.454504	0.0407322	0.0434634	0.241909	0.0214328	0.0264184	-0.0217163	0.0201692	0.524017
Q	0.226868	0.286176	0.331234	-0.00137304	0.264453	0.0830163	0.00405263	0.0930485	0.135575	0.331202
R	0.0233901	0.505623	0.428126	-0.00679463	0.349737	0.203018	-0.0011587	0.195883	-7.24417e-05	0.133659
S	0.0179766	-0.00849636	-0.0581466	-0.00234755	0.0519397	-0.0441731	-0.0584168	0.164658	0.209406	0.342354
T	-0.0290007	-0.0793691	0.118967	0.00362107	-0.0865195	-0.0660499	-0.0617577	0.00403141	0.156937	0.354688
V	-0.0210777	0.106065	0.0190744	0.011632	-0.217774	-0.0603324	0.035726	-0.213886	0.0401156	0.48907
W	-0.125013	-0.495271	0.0417541	-0.0025905	-0.187047	-0.133839	0.000878695	-0.306078	0.017628	-0.17784
Y	-0.448503	-0.833107	-0.289742	-0.00104104	-0.422771	-0.0424482	-0.0259569	-0.327511	-0.560925	-1.55878


4.25069
