NumCols:	9
A	-0.205577	-0.142526	-0.161573	-0.182577	0.0518903	-0.00844785	-0.092134	0.0580144	0.17602
C	-0.021972	0.369072	0.0470531	0.0158717	-0.00719006	0.0722652	0.0906428	0.144753	0.211185
D	0.70405	0.39687	0.353359	0.148504	0.26371	0.461542	0.511405	0.317894	0.402051
E	0.563176	0.134633	0.459969	0.122223	0.33199	0.282187	0.460689	0.248551	0.563226
F	0.0467603	0.028296	-0.582333	-0.143523	-0.0736302	-0.14694	-0.220176	-0.311277	0.0210544
G	0.00275794	0.214494	0.162868	0.0074964	0.0360914	0.0418743	-0.0519516	0.0618138	0.24532
H	-0.298414	0.54438	-0.0886054	-0.125541	-0.211885	-0.025707	0.0612601	0.0495761	-0.633999
I	-0.275408	-0.753181	0.103239	0.171755	-0.0468279	-0.119136	-0.265345	0.167433	0.176576
K	-0.546845	0.957558	0.14636	-0.0499144	-0.00420396	0.059494	0.240135	-0.0174115	-1.87154
L	-0.0989998	-0.996	-0.0486387	0.118167	0.0223996	-0.0345595	-0.336349	-0.257025	0.123681
M	-0.411818	-1.00944	-0.344518	0.0721896	0.0203249	-0.10133	-0.430061	-0.0656709	0.202611
N	0.354679	0.505541	-0.144414	-0.0346346	0.0967884	0.121884	0.149599	-0.0792367	0.424207
P	0.578982	0.419122	0.488617	-0.0637278	-0.0813387	-0.06311	-0.0253574	0.0262541	0.305245
Q	0.0813453	-0.206217	0.360161	0.0697379	0.0663172	-0.0825075	0.0855517	-0.00896655	0.654541
R	-0.568904	0.877715	-0.0866381	-0.0624312	-0.188557	-0.0424357	0.115359	-0.00697346	-0.942732
S	-0.0890915	-0.422113	-0.0895123	-0.0785352	-0.139918	-0.134795	-0.191256	0.0112933	0.380773
T	-0.102518	-0.569595	0.204225	-0.000327086	0.0813545	-0.135415	-0.113103	0.0974472	0.404696
V	-0.159803	-0.726376	0.201299	0.0518672	-0.124403	-0.0838242	-0.112722	0.00062443	0.159709
W	0.301244	0.208219	-0.1689	-0.056212	-0.0576582	-0.0372445	0.102699	-0.0692292	0.0331171
Y	0.146355	0.169543	-0.812018	0.0196113	-0.0352549	-0.0237949	0.0211146	-0.367864	-1.03574


5.26056
