NumCols:	9
A	-0.429857	0.331857	-0.0861246	0.0865808	0.038887	-0.0332116	0.132839	0.106228	-0.886126
C	-0.0835364	0.0220451	-0.000558009	-0.0400978	-0.0380336	0.000781014	-0.0934957	-0.000794507	-0.26076
D	0.80765	0.154338	0.0129862	-0.112112	-0.0364782	0.0523473	-0.112973	0.106444	-0.184639
E	1.18471	0.0339766	0.0224211	-0.0346232	-0.0225661	-0.0328302	-0.0558834	-0.0101525	-0.429774
F	-0.648182	-0.292232	0.0412988	-0.0557454	-0.0396836	0.0773613	-0.148697	-0.0776114	0.485512
G	-0.18894	0.136517	-0.0403478	-0.0271408	-0.0112246	0.0488566	0.142332	-0.00963401	-0.166895
H	-0.0907348	0.00176236	0.0197968	-0.0350634	0.00239871	0.0411364	-0.147275	0.00247878	0.827853
I	-0.362695	-0.457967	0.0282688	0.13517	0.01795	-0.0728311	0.0860554	-0.0298722	-0.501956
K	-0.515227	-0.0657223	0.0085349	0.151685	0.0399293	-0.00807511	0.13511	0.0639896	0.975154
L	0.00599206	-0.529704	0.0465505	0.0520325	-0.00429575	-0.0764688	0.0875007	-0.077396	-0.686002
M	-0.32112	-0.596452	-0.00376287	-0.0377553	-0.0780519	0.0552935	-0.0302454	-0.0408183	0.405767
N	0.0474287	0.00424905	0.0052394	-0.0587484	-0.0342926	0.0455105	-0.0167272	-0.0240173	0.0426567
P	0.556435	0.403709	-0.00970213	0.00391412	0.092195	-0.0375901	0.0109549	0.0133646	-0.827959
Q	0.518125	0.0669284	-0.00680814	0.00326183	0.0256293	-0.0298435	0.0189756	-0.0748506	-0.350075
R	0.110106	0.0353138	0.00115924	0.0954562	0.0773332	0.0131901	0.0817871	0.0652013	1.21809
S	0.138227	0.370923	-0.0542238	0.00157915	0.0135033	0.0136644	0.0123132	0.0318913	-0.469618
T	0.109857	0.555522	-0.0386973	0.00614493	0.0162171	-0.0229655	0.0423584	0.0167434	-0.634804
V	0.101906	0.0426343	-0.00910968	0.0529974	0.050651	-0.0524055	0.120561	-0.0176614	-1.05866
W	-0.424645	-0.0986833	0.0165188	-0.114912	-0.104813	0.0337294	-0.164729	-0.047503	0.598464
Y	-0.515497	-0.119015	0.0465598	-0.0726235	-0.00525491	-0.0156492	-0.100761	0.00397002	1.90377


2.12177
