NumCols:	9
A	4.6729e-16	9.5566e-16	7.6248e-16	3.9384e-16	-2.80728e-16	-7.59898e-16	6.72089e-16	-1.05359e-15	1.20154e-15
C	4.21496e-16	6.63619e-16	1.07556e-15	3.44889e-16	8.51447e-16	-8.07006e-16	7.36657e-16	6.53657e-16	4.72605e-16
D	1.61503e-16	1.08371e-15	-2.06548e-17	1.10366e-15	1.33581e-15	-9.85165e-16	-8.47171e-16	-4.18187e-16	1.25039e-16
E	-3.2194e-16	1.26898e-15	-1.87087e-17	6.10394e-16	3.88089e-16	-1.08969e-15	5.55624e-16	4.29767e-16	6.99691e-16
F	1.40358e-15	1.20424e-15	1.23762e-15	5.8644e-16	2.93248e-16	-1.54595e-15	4.16095e-16	1.70903e-16	7.56296e-16
G	1.33749e-15	4.24365e-16	4.63658e-16	-6.00356e-16	6.53616e-16	-7.42992e-16	-4.27226e-18	2.67773e-17	-2.22499e-16
H	2.26052e-16	8.18658e-16	6.83861e-16	9.98432e-16	-8.01336e-16	1.38223e-16	2.39984e-16	-1.90769e-16	-3.45931e-16
I	1.91416e-15	1.48961e-16	5.07669e-16	8.58629e-16	1.69476e-15	-7.15983e-17	2.35964e-16	7.04885e-16	3.10024e-16
K	2.0749e-15	5.37207e-16	-9.75946e-16	6.97686e-16	-7.28908e-17	1.18503e-15	2.05517e-17	-4.16326e-16	5.24868e-16
L	4.23809e-16	1.11641e-15	-2.71716e-16	1.75134e-15	1.10056e-15	6.616e-16	9.03454e-16	3.07941e-16	9.31551e-16
M	-7.87699e-16	5.55175e-16	-9.71092e-17	1.10809e-15	-6.38893e-16	-5.41484e-16	5.11828e-16	4.48433e-16	1.35622e-15
N	-1.65989e-16	6.53984e-16	-5.94046e-16	4.77864e-16	-6.15504e-16	-4.83663e-16	-4.55856e-16	1.02292e-15	1.19988e-15
P	-2.30959e-17	2.07144e-15	-6.08139e-16	-8.33736e-16	1.09596e-16	-5.84372e-16	-7.48451e-16	-8.85883e-16	1.27585e-15
Q	-1.2941e-15	6.74596e-16	-1.41144e-15	-1.62541e-16	-4.88889e-16	-1.09059e-15	1.73366e-16	1.03074e-15	8.25976e-16
R	7.80944e-16	5.93674e-17	-2.43742e-17	-6.77643e-16	-1.10047e-15	8.62632e-16	-7.89562e-18	2.70501e-16	4.85547e-16
S	3.28032e-16	9.95535e-16	-1.91993e-16	-8.28784e-16	2.29471e-16	-1.41908e-15	1.76901e-16	-1.77467e-16	9.74402e-18
T	-1.32292e-16	1.01899e-15	-1.58189e-16	7.4537e-16	5.12988e-16	-1.71808e-15	1.25141e-16	-3.45785e-16	-4.0044e-16
V	8.91038e-16	-3.33646e-16	-8.70395e-17	1.02765e-15	1.21242e-15	-5.80299e-16	4.4805e-17	4.32095e-16	1.4049e-15
W	-2.24039e-16	2.58054e-17	1.70539e-15	2.74863e-16	6.6124e-17	-3.99285e-16	-2.39819e-16	-5.01447e-17	8.96292e-16
Y	1.15349e-15	-1.06972e-16	2.14238e-15	2.14198e-16	-7.53689e-16	-1.225e-16	9.93101e-17	3.19654e-16	8.1452e-16


4.30103
