NumCols:	10
A	-0.0837457	-0.189745	-0.000345106	0.010309	-0.10374	-0.0754031	-0.114036	0.205465	0.0107929	-0.0701983
C	-0.0496895	0.0699038	0.0626878	0.0497398	0.0151407	0.0228505	0.0039194	0.106634	-0.00324596	0.0560206
D	0.0712311	0.133391	0.197989	0.036122	0.321212	0.16394	0.0962774	0.175669	0.000726901	0.031539
E	0.0693894	0.0934505	0.105507	0.0531297	0.364795	0.123776	0.0809377	0.172631	0.0329075	0.029911
F	-0.0456548	-0.0654956	-0.2246	-0.0117731	-0.2593	0.0440636	0.138799	-0.126682	-0.00404025	0.13657
G	-0.079256	0.000976106	0.307361	0.0268107	0.0607956	-0.000810088	0.150593	0.137388	0.0541149	0.00152811
H	-0.142799	-0.0261317	-0.342294	-0.0644485	-0.48525	-0.0451471	0.0649971	-0.0702328	0.157246	-0.0343068
I	0.0895442	-0.0771956	-0.109679	-0.0134248	0.258981	-0.030848	-0.158954	0.334123	-0.172521	0.0536997
K	-0.216971	-0.0537636	-0.269314	-0.108858	-0.292325	-0.116693	0.00203679	-0.375615	0.125264	-0.193044
L	0.217398	-0.0246398	0.0304849	-0.0398031	0.0465983	-0.00612216	-0.192272	0.20479	-0.11347	-0.00300187
M	0.097	-0.0693847	0.261576	-0.0314777	-0.0312685	-0.0244785	-0.0376846	0.0237551	-0.0895954	0.0316524
N	0.045824	0.0626407	-0.0366291	0.0239559	-0.0503577	0.0712137	0.0761079	0.0528518	0.086586	0.0271397
P	0.113275	0.504308	0.0476118	0.047076	0.584609	0.0369344	-0.0766702	-0.478985	-0.114732	-0.0419574
Q	0.0952452	0.0758908	0.141814	0.0418147	0.262551	0.0237069	-0.00705858	-0.00864437	0.0105346	-0.0334622
R	-0.322595	-0.0359286	-0.0800748	-0.142487	-0.284312	-0.151226	0.0888585	-0.204034	0.197339	-0.203993
S	-0.0157413	-0.2075	0.183148	0.00458328	-0.154314	-0.0706451	-0.0185907	-0.0300656	0.0127491	-0.0495585
T	0.0729128	-0.22823	0.0741172	0.0430431	-0.0488594	-0.0365053	-0.132086	0.171124	-0.0198415	-0.0198172
V	0.163824	-0.100116	-0.0813154	0.0185397	0.0819033	-0.0187556	-0.245002	0.309779	-0.1245	-0.00559132
W	-0.000828316	0.078391	0.0183157	0.0409381	-0.00296879	0.057343	0.048256	-0.22669	-0.0386809	0.14874
Y	-0.0783627	0.059178	-0.28636	0.0162101	-0.28389	0.0328064	0.231571	-0.373261	-0.00763402	0.138131


3.86708
