NumCols:	9
A	-0.112357	-0.200258	-0.172075	-0.124639	0.0738648	0.0778632	-0.0650601	0.00846356	-0.930112
C	0.0483873	0.479763	0.121922	-0.130282	-0.272269	-0.145107	-0.0418279	-0.0148483	0.0718285
D	0.83482	0.522265	-0.111092	-0.383802	-0.0234578	0.188967	0.252643	0.349617	0.579741
E	0.867958	0.607124	0.58756	-0.335407	0.193302	0.188536	0.195526	-0.160093	0.737791
F	-0.854973	0.0143145	-0.478722	0.0339028	-0.211835	-0.238735	-0.632955	-0.293302	0.0180931
G	0.011341	0.374812	0.248789	-0.0404616	0.0572094	0.307313	0.451336	-0.0241982	0.361224
H	0.0964572	0.773843	0.266771	0.068617	0.0168029	0.217692	-0.131704	0.121561	0.78043
I	-0.180165	-0.850767	-0.287236	0.158504	-0.126057	-0.369297	-0.187627	0.144777	-1.1324
K	-0.274201	0.656105	0.740045	0.140072	0.233053	0.500647	0.653456	0.21721	0.540885
L	-0.177117	-1.54259	-0.346444	0.182191	-0.0686943	-0.357311	-0.112551	-0.157625	-1.16739
M	-0.438799	-1.58701	-0.747219	0.0776063	-0.0139084	-0.2021	-0.170322	0.0818661	-0.660422
N	0.216459	0.693141	0.0610737	0.031785	0.148517	-0.0346685	0.227523	0.158368	0.474027
P	0.838298	0.627395	0.173017	-0.0106812	0.356802	-0.0799568	-0.203574	-0.21974	0.474561
Q	0.26723	-0.739589	0.132045	0.118641	0.206532	0.0579977	0.277794	0.124194	0.538703
R	-0.086145	1.01786	0.612795	0.243009	0.19155	0.442829	0.452751	0.136377	0.439052
S	-0.0636997	0.0956305	-0.000820624	-0.0628667	0.132246	-0.0487437	0.195675	-0.0237664	0.0534858
T	0.125085	-0.363637	0.207608	0.0147813	0.156058	-0.136258	0.00962875	0.00189854	-0.378686
V	-0.114754	-0.67441	0.0404313	0.164289	-0.0873646	-0.302855	-0.0725807	0.157483	-1.60884
W	-0.192856	-0.151941	-0.66482	-0.167172	-0.473274	-0.0808723	-0.625066	-0.188214	0.332872
Y	-0.81097	0.247951	-0.383629	0.0219142	-0.489078	0.0140574	-0.473068	-0.420029	0.475165


5.16149
