NumCols:	9
A	-0.136967	-0.33004	-0.170132	-0.180128	-0.120521	-0.110759	-0.0239697	-0.196316	-0.661576
C	0.190944	1.16799	0.137121	-0.136621	-0.122884	-0.0356881	-0.143054	0.158827	0.146753
D	0.952145	0.617556	-0.0850077	-0.445479	0.00763573	0.108575	0.100177	0.504786	0.0888158
E	0.8649	0.155261	0.43744	-0.440189	0.0820307	0.381308	0.0506937	-0.102648	0.0398884
F	-0.970367	-0.0485206	-0.329143	0.137236	-0.116614	-0.711752	-0.585278	-0.388422	-0.445338
G	0.122036	-0.361648	0.429426	-0.0910649	-0.0999577	0.157916	0.318125	-0.165673	0.207014
H	0.194918	0.917476	0.214624	0.022939	-0.0145165	0.171738	-0.188079	-0.150007	0.783304
I	-0.188502	-0.761834	-0.435936	0.294254	-0.05055	-0.347951	-0.0437308	0.253879	-0.780998
K	-0.361703	0.770081	0.611646	0.145905	0.219411	0.589351	0.6062	0.239442	0.903925
L	-0.146753	-0.879222	-0.413718	0.184596	-0.00292081	-0.473096	0.00923022	-0.106525	-0.754844
M	-0.426697	-0.954571	-0.650009	0.127242	0.0423221	-0.28086	-0.0644521	0.136319	-0.369244
N	0.102163	0.799234	0.152233	0.0190377	0.0992819	0.0782719	0.0644303	0.178883	0.178015
P	0.877584	0.562393	0.035338	-0.279178	0.194401	0.295804	-0.210364	-0.322422	-0.179695
Q	0.17362	-1.558	0.287672	0.122312	0.255628	0.296449	0.155269	0.113878	0.394451
R	-0.20538	0.813633	0.602636	0.20914	0.0923905	0.475115	0.587906	0.215186	0.560739
S	0.0618074	-0.267534	-0.0248778	0.0775414	0.0661557	-0.0873484	0.178401	-0.138284	0.21033
T	0.126987	-0.506807	0.0458149	0.135399	0.0978949	-0.0515544	-0.0631592	0.0203101	-0.0685573
V	-0.0707138	-0.82362	-0.291476	0.210284	-0.112652	-0.0953558	-0.0695424	0.164495	-1.39486
W	-0.422759	0.325606	-0.252775	-0.185146	-0.230984	-0.34647	-0.555309	-0.00670871	0.578318
Y	-0.737262	0.362571	-0.300874	0.0719201	-0.285553	-0.0136932	-0.123496	-0.408998	0.56356


4.47846
