NumCols:	9
A	0.61563	0.1602	0.164436	0.0314864	-0.300748	-0.0185539	-0.0555051	-0.419664	0.286749
C	0.0775045	-0.165933	-0.0791789	-0.0935008	-0.00543467	0.122902	0.0038136	0.0184817	0.129137
D	-0.931513	-0.378344	0.249805	-0.049581	0.183585	0.193705	0.308072	0.228387	0.269553
E	0.0196297	-1.66597	0.0779722	-0.236705	0.227882	0.238764	0.191742	-0.0315273	0.217806
F	-0.204066	-0.00847221	-0.454848	-0.0648241	-0.331462	-0.308228	-0.178384	0.0769887	-1.00601
G	0.753907	-0.114116	0.169388	-0.0811252	-0.0627402	0.00288908	0.218298	0.0733631	0.605878
H	-0.0402446	0.442299	0.0579474	0.200611	0.00807441	-0.1533	-0.296132	0.192383	-0.00667114
I	-0.11835	0.178999	-0.123867	-0.0368174	-0.157516	-0.155207	-0.219771	-0.0806363	-0.00463887
K	0.437527	0.635374	0.180137	0.034319	0.212812	-0.0864202	0.262892	-0.0156344	0.363298
L	-0.0858648	0.264097	-0.195524	-0.0413966	-0.249348	-0.0883413	-0.0328707	0.136636	-0.280603
M	-0.474443	0.132628	-0.114568	-0.0462338	-0.141243	-0.0397011	-0.0692517	0.0851661	-0.536269
N	-0.421318	-0.0909032	0.0322025	0.0469948	0.0489451	0.157375	0.147547	0.259427	0.0742509
P	0.749503	-0.220997	0.577041	0.131277	0.267332	0.306249	-0.0452104	-0.310838	0.378402
Q	0.243783	-0.533519	0.122538	-0.0519727	0.185081	0.143899	0.166406	0.051128	0.255673
R	0.326548	0.560435	-0.0909747	0.17721	0.336862	-0.151639	0.0227519	0.191831	-0.0220138
S	0.187529	0.236834	0.032594	0.0569417	0.0967555	0.0575757	0.162559	-0.148501	0.445603
T	-0.0753925	0.223002	0.125777	0.0525295	-0.0562347	0.0395347	0.0801655	-0.258292	0.472244
V	0.059871	0.149393	-0.0897678	0.108417	-0.154529	-0.142535	-0.00435368	-0.156837	-0.0281298
W	-0.689272	0.0288629	-0.368083	-0.187506	-0.017282	0.0545661	-0.317042	0.0867392	-0.480683
Y	-0.430967	0.166136	-0.273028	0.0498761	-0.0907896	-0.173533	-0.345727	0.0214006	-1.13358


4.9017
