NumCols:	8
A	0.228523	-0.0214668	-0.70238	0.0652394	0.0155614	0.0843108	0.021131	0.0384792
C	0.00628488	-0.0364848	-0.153408	-0.00328095	-0.00367223	0.0217806	-0.0696414	0.0626685
D	0.182161	0.396183	0.114122	-0.0211263	0.000587042	-0.0109217	0.0795262	-0.00316553
E	0.189759	0.130137	0.0986883	-0.00360612	0.000395501	-0.0283109	-0.0825847	-0.0914793
F	-0.417605	0.013653	-0.185626	-0.0857074	-0.0131167	-0.116374	-0.00641112	-0.163398
G	0.148321	-0.164813	-0.603649	0.000919575	0.00601691	0.0882833	-0.105109	0.123332
H	-0.00642922	0.13126	0.230585	0.0714724	0.00881218	0.0526994	0.144408	0.192439
I	-0.513239	-0.495697	0.105817	-0.17727	-0.0100932	-0.190697	0.00594421	0.00699629
K	0.104015	0.0760994	0.147568	0.0835555	0.012059	0.0631168	0.492861	0.171548
L	-0.29198	-0.915374	-0.0153544	-0.101188	-0.0152973	-0.168293	-0.0875936	-0.668056
M	-0.411883	-1.11221	-0.193403	-0.0562935	-0.00877457	-0.122071	-0.267036	-0.166961
N	0.0329997	0.260407	0.0693004	0.00809726	-0.00148245	0.0280292	-0.119975	-0.0205282
P	0.408011	0.513249	-0.0425222	0.00412802	0.00351623	0.00990132	-0.462699	-0.337208
Q	0.224113	-0.116012	0.229429	0.000566486	0.000139357	0.0148484	0.0517994	0.0655955
R	0.128578	0.482132	0.36493	0.121921	0.0176957	0.12381	0.609283	0.459631
S	0.273474	0.257409	0.0168859	0.0649968	0.020114	0.149927	-0.0416911	0.316644
T	0.2991	0.388872	0.197804	0.0354116	0.00740567	0.0816292	-0.109097	0.197824
V	-0.0187871	0.154355	0.145893	-0.0345994	-0.0114922	-0.0451333	-0.00213751	-0.351074
W	-0.170243	0.0609076	0.17941	-0.0273635	-0.0150551	-0.0128655	-0.119168	-0.016391
Y	-0.395175	-0.00260276	-0.00409067	0.0541273	-0.0133192	-0.0236703	0.0681919	0.183104


4.52175
