NumCols:	9
A	0.102729	0.252851	-0.221376	-0.00153267	0.0273078	0.0697225	0.0458719	0.16827	0.21023
C	0.0875215	0.163133	0.169502	0.0203117	-0.061376	-0.0215909	0.0578005	0.0501462	0.0859177
D	0.142407	0.279214	0.172938	0.0743915	0.207783	0.324647	0.26458	0.154361	-0.0450582
E	0.167444	0.354164	0.248074	0.0552304	0.124101	0.2236	0.0914199	0.0955641	0.402692
F	0.0161546	-0.655534	0.0500275	-0.00905554	-0.0846711	-0.297928	-0.521094	-0.177642	-1.16039
G	0.215946	0.262901	-0.0271831	0.0175495	0.086356	0.107029	0.211056	0.220663	0.343391
H	0.0959291	-0.0938388	0.13242	-0.0534316	-0.0986889	-0.0820607	-0.0640545	0.0229823	0.236176
I	-0.39278	0.147741	-0.163776	0.0244116	-0.117577	-0.0440663	0.137081	-0.0781937	-0.914584
K	-0.233835	0.372921	0.0933717	-0.0607095	0.089247	0.20869	0.330188	0.0579326	0.401519
L	-0.0440632	0.0826511	-0.127863	0.000115905	0.022113	-0.0112353	-0.151418	-0.283751	-0.384335
M	-0.0650227	-0.240414	-0.326266	0.00316494	-0.0515852	0.0615086	-0.024762	-0.0723689	-0.368223
N	0.226087	0.304984	0.131812	0.0122879	-0.00782836	0.0824128	0.0180161	0.119194	0.378083
P	0.191659	0.420061	-0.343201	-0.000475782	0.0908657	-0.203758	-0.0245364	-0.00479784	0.216966
Q	0.194876	-0.0161455	-0.0104026	0.0123436	0.102612	0.127138	-0.060931	-0.0181874	0.166817
R	-0.325565	0.18186	0.20046	-0.110627	-0.0686848	0.180352	0.289777	-0.00565249	0.384418
S	0.0656311	0.134087	0.0396148	-0.00513076	0.065714	-0.000965267	0.0699188	0.0434414	0.43509
T	0.00978885	0.113082	0.103711	0.00622828	0.0236737	-0.0498226	0.157785	-0.248978	0.411381
V	-0.0975339	0.193212	-0.0608196	0.00789221	-0.0924476	-0.124698	-0.0792678	-0.0827702	-0.0459041
W	-0.0372395	-0.928466	-0.0376622	-0.00324471	-0.194395	-0.225647	-0.469481	-0.0164165	-0.797891
Y	-0.320135	-1.32847	-0.0233819	0.0102798	-0.0625201	-0.323327	-0.277948	0.0562039	0.0437073


4.61252
