NumCols:	9
A	0.48604	-0.613825	-0.0377243	-0.0179943	0.0919438	0.00816195	0.0837955	0.0371963	0.943375
C	-0.160611	-0.00701283	0.0420026	-0.0415738	-0.0770465	0.0656917	-0.117327	0.00577382	-0.348751
D	0.362219	-0.0221197	-0.0425292	-0.0478238	-0.080059	-0.162169	-0.00245842	0.0365181	-0.163392
E	0.0377213	0.0375259	-0.0853794	-0.0539243	-0.0821198	-0.0760182	-0.0417796	-0.01432	0.0027341
F	-0.784257	0.271494	-0.00834322	-0.00583369	-0.112064	-0.0778155	-0.358241	-0.0373903	-0.60046
G	0.346447	-0.000290878	0.0766926	-0.0197886	0.0236802	0.116005	0.152434	0.0391895	0.0880611
H	-0.163553	0.301542	0.188815	0.0304016	0.0265159	0.148725	0.0236692	0.00894541	0.0286141
I	-0.256249	0.0359159	-0.329402	-0.0197906	-0.0964407	-0.102318	-0.07184	-0.00547687	-0.555592
K	0.391342	0.111764	0.593419	0.0971077	0.194958	0.0701327	0.341439	0.0253433	0.284164
L	-0.413395	0.17992	-0.0928701	0.0485506	-0.0451868	0.0258498	-0.191872	-0.0550889	0.0918814
M	-0.675988	0.246472	-0.261146	0.029936	-0.137752	0.0498115	-0.0790572	-0.0546149	-0.279899
N	-0.119203	0.137584	-0.175406	-0.0316882	0.0520935	0.018751	0.0972418	-0.0419386	-0.212423
P	0.714811	-1.4262	0.457922	0.0617263	0.193752	-0.0656017	0.0045728	0.124504	0.331766
Q	0.25578	-0.066131	0.0566091	0.0250813	-0.000120989	0.0560339	0.175175	-0.0148631	0.179969
R	0.321822	0.16622	0.628165	0.190189	0.232274	0.169719	0.491763	0.0664948	0.664745
S	0.266899	0.101356	-0.198761	-0.0718221	0.0291229	-0.0856345	0.139652	-0.0329946	0.479354
T	0.157655	0.147787	-0.235407	-0.069932	-0.0280422	-0.110108	0.00464202	-0.0349396	0.492489
V	0.0524914	-0.114143	-0.200221	-0.0138346	-0.0242269	-0.115132	-0.0101213	0.0113111	0.540832
W	-0.440791	0.26052	-0.237645	-0.0670481	-0.11458	-0.0133502	-0.310099	-0.0230952	-1.53813
Y	-0.379181	0.25162	-0.138791	-0.0219388	-0.0467016	0.0792659	-0.331588	-0.0405543	-0.429334


4.40497
