NumCols:	9
A	-0.053721	-0.88146	-0.0744453	0.114605	0.102261	-0.020577	-0.159257	-0.612529	0.376104
C	-0.0199653	0.067035	0.209654	-0.145625	0.0243375	0.0722195	0.0896055	-0.0404797	-0.0595979
D	0.524783	0.314671	0.452099	-0.441759	0.0949254	-0.00322402	0.0370793	-0.0164807	0.257163
E	0.40363	0.248686	0.489672	-0.195493	0.116521	0.133824	-0.0241482	-0.50829	0.276253
F	-0.923949	-0.042888	-0.522525	0.194603	0.00853339	0.0076955	0.164167	0.340743	-1.04162
G	-0.0848262	-0.166011	0.182363	0.037425	-0.0792332	0.0187596	-0.103164	0.0690611	0.20235
H	0.0184263	0.401338	0.0178687	0.112248	-0.0321718	0.257376	0.0310465	0.396044	-0.283585
I	-0.283366	-0.322685	-0.272509	0.0906271	-0.0948301	-0.154848	0.131735	0.142933	-0.281862
K	-0.10094	0.292532	-0.159238	0.0237688	0.157025	0.34195	0.2644	0.550926	0.562199
L	-0.0337145	-0.06737	-0.0348878	0.224366	-0.133841	-0.234192	-0.200106	0.377008	-0.209001
M	-0.245327	-0.737941	-0.503956	0.0926565	-0.00774201	-0.40641	-0.0513795	0.441073	-0.822475
N	0.224391	0.313158	-0.000641959	-0.22909	-0.100958	0.0806208	-0.0689151	0.255257	0.0556422
P	0.702455	0.622461	0.513068	-0.148676	0.0958444	-0.113582	0.0636289	-0.636081	0.881976
Q	0.472384	0.0827069	0.290927	-0.104649	0.0697009	-0.0213411	-0.0230829	-0.0755114	0.486352
R	0.050242	0.368711	-0.214908	-0.0169053	0.161648	0.358002	0.126512	0.21926	0.52353
S	0.117478	-0.543945	-0.0119865	0.0526577	-0.11353	-0.00491053	-0.290064	-0.348117	0.344073
T	0.244434	-0.402702	0.117754	0.125718	0.058213	-0.250472	-0.224466	-0.229737	0.29978
V	-0.102713	-0.140463	-0.104556	-0.0574265	-0.164701	-0.181358	-0.214623	-0.504181	-0.170305
W	-0.159133	0.261365	-0.0908366	0.0485385	-0.0220001	-0.0971473	0.249461	0.187286	-0.569136
Y	-0.750568	0.332798	-0.282915	0.222411	-0.140003	0.217615	0.201571	-0.00818423	-0.827837


5.70694
