NumCols:	10
A	0.265177	-0.196408	-0.366451	-0.200177	-0.109616	0.00271927	-0.123063	-0.189338	0.0118248	-0.674011
C	-0.0993858	0.295624	-0.0023254	-0.0570619	-0.0210249	0.0122866	-0.0934712	-0.119881	0.00281092	0.133425
D	-0.00655604	0.181548	0.245289	-0.101655	0.0620983	0.147443	0.192533	0.000279093	0.297685	0.123709
E	-0.588757	0.340692	0.445612	-0.0801482	0.0832512	0.112553	0.0955259	0.0527873	0.00504362	-0.242817
F	-0.359087	0.122114	-0.411053	-0.174767	-0.256228	-0.133065	-0.243261	-0.136648	-0.154369	-0.181439
G	0.274205	0.0333534	0.28548	0.0218079	-0.0310367	0.142467	0.0339526	-0.0794856	-0.0507625	-1.2108
H	-0.0718978	0.00222385	0.145886	0.0202442	0.090586	0.0751696	-0.094367	-0.0210674	-0.0860328	1.09751
I	0.176299	-0.239351	-0.264867	0.0368442	-0.150466	-0.309282	-0.0481281	-0.165753	0.216703	-0.920716
K	0.584564	-0.103546	0.232021	0.197172	0.228494	0.1415	0.184305	0.318783	0.192637	0.564953
L	0.0570398	0.138788	0.301676	0.191698	-0.0344537	0.0340454	-0.0326242	0.15084	-0.0603874	-0.689118
M	-0.505333	-0.049496	-0.27672	0.0817681	-0.0704663	0.0160237	-0.0823233	-0.156947	0.042953	-0.326886
N	-0.244417	0.160573	0.095947	-0.0364296	0.0463529	0.0261165	0.0214093	0.0811408	-0.00517131	0.832863
P	0.888828	0.48607	-0.193211	0.151058	0.0140779	0.0289754	0.290308	0.135076	-0.175148	1.339
Q	0.206036	0.289026	0.448205	0.126662	0.179686	0.0793073	0.100491	0.0929369	-0.0711004	-0.239051
R	0.0776199	0.020339	0.299032	0.0661816	0.22181	0.112716	0.0167003	0.301576	-0.00956473	0.872681
S	-0.175423	-0.651679	-0.194632	-0.108242	0.00908603	-0.0399787	-0.0456563	0.0141201	-0.0547875	-0.498589
T	-0.224481	-0.746323	-0.0495052	-0.0580538	0.0155299	-0.127498	-0.0450275	0.0520626	-0.028017	-0.322752
V	0.329542	-0.503497	-0.261791	0.0803071	-0.0867761	-0.195735	-0.036148	0.0298612	0.145828	-1.19002
W	-0.250265	0.252736	-0.104912	-0.0376855	-0.0673715	-0.0231654	-0.0155529	-0.153326	0.0967468	0.886089
Y	-0.333708	0.16721	-0.373679	-0.119524	-0.123534	-0.1026	-0.075604	-0.207018	-0.316891	0.64597


4.3795
