NumCols:	9
A	-0.423833	-0.420533	-0.053587	-0.191385	0.0610042	0.0598738	0.0803492	0.0437909	0.233692
C	0.104496	0.76904	-0.125366	0.0447774	0.0742854	0.0984002	0.00552103	0.118264	0.284066
D	0.738425	0.424239	0.223167	-0.125318	0.195368	0.348492	0.198497	0.326399	0.284708
E	0.498683	0.592776	0.340312	0.121014	0.213136	0.31411	0.208257	0.0289941	0.419766
F	0.195396	0.0427726	-0.565977	-0.136603	-0.364838	-0.325592	-0.498534	-0.35445	0.135082
G	-0.167512	0.188335	0.173103	0.0650786	0.121309	0.0634907	0.126928	0.0938357	0.165995
H	0.0151968	0.629621	0.0995764	0.0634684	-0.00293555	-0.0142	-0.089051	0.192618	-0.457882
I	-0.132535	-0.750658	-0.15376	0.129553	-0.0902857	-0.0830603	-0.304658	0.145081	0.260647
K	-0.352412	0.963323	0.356994	0.111488	0.13166	0.131807	0.525152	0.0927071	-2.06122
L	0.00973966	-0.413276	-0.0719268	0.0723948	-0.0391275	-0.102392	-0.283744	-0.268382	0.3525
M	-0.402559	-0.666443	-0.623865	-0.117169	-0.0743147	-0.162861	-0.396663	-0.0313114	0.225319
N	0.332169	0.347755	-0.167587	-0.0994785	0.0973268	0.0238255	0.083587	0.0100922	0.271047
P	0.722064	0.025602	0.46307	-0.10665	-0.061687	0.0727774	0.130131	-0.251474	0.460983
Q	-0.00522906	-0.316038	0.0214395	0.162512	0.113694	0.0102131	0.269454	0.00149313	0.509217
R	-0.344483	0.713898	0.606338	0.0390936	0.0467587	-0.0106151	0.482775	0.08926	-1.16793
S	-0.561835	-0.802261	-0.138353	-0.0299739	-0.0841495	-0.00767206	0.0130133	0.0477081	0.144214
T	-0.41377	-1.00243	0.132764	-0.0148186	-0.0118116	-0.120405	0.037866	0.114271	0.31897
V	-0.259667	-0.974289	0.183936	0.0273839	-0.137537	-0.112071	-0.0525498	0.0309648	0.307686
W	0.370568	0.39453	-0.200759	-0.0500712	-0.0793244	-0.0045855	-0.176587	0.0151573	0.237336
Y	0.0770985	0.254033	-0.499518	0.0347045	-0.10853	-0.179536	-0.359743	-0.445019	-0.924203


5.02876
