NumCols:	9
A	-0.536769	0.19569	0.184601	0.0322854	0.159218	-0.0392185	0.0627611	-0.376199	0.294867
C	0.266743	0.162446	-0.0284006	-0.058357	0.0132883	0.106305	-0.0865782	0.197871	-0.239176
D	0.580154	-0.0475989	0.262963	0.0191599	0.114575	0.116376	0.0526241	0.0103436	0.00929653
E	0.648434	-0.227966	0.142206	-0.0167336	0.147459	0.12776	-0.147787	-0.0301157	-0.0197271
F	0.395333	0.265667	-0.728677	-0.156467	-0.320118	0.0485389	-0.242426	0.380625	-0.952465
G	-0.129373	0.314589	0.0624047	-0.0744599	0.0602811	0.217941	0.36577	0.0717887	0.0345371
H	-0.342835	0.459651	0.119366	-0.0343381	0.0713739	-0.130032	-0.0248402	0.295898	0.309177
I	-0.149591	-0.546881	-0.0657103	0.191379	-0.372151	0.0376225	0.0985995	0.0855045	-0.882685
K	-1.04995	0.663573	0.408828	0.151664	0.0510164	0.369633	0.586189	0.0802531	0.603327
L	0.276317	-0.735489	-0.311901	0.0728418	-0.105002	-0.0265569	-0.138996	0.122024	-0.38205
M	-0.342733	-0.767057	-0.555102	0.0929214	-0.175954	0.131816	0.129133	0.292657	-0.119482
N	0.468866	-0.0926984	-0.109667	-0.104078	0.0341787	-0.050302	0.0141949	0.0926316	0.0120853
P	0.381126	0.787885	0.271204	-0.00659304	-0.042712	-0.124086	0.386523	-0.557407	0.300972
Q	0.0583461	-0.297154	0.115504	0.0104715	0.141048	-0.0114798	0.0913472	-0.19494	0.299353
R	-1.20693	0.949557	0.522238	0.0627321	0.0795132	0.0734178	0.246855	-0.0181397	0.80914
S	-0.338909	-0.347481	0.142782	0.064978	0.277532	-0.26666	0.306367	-0.432809	0.358421
T	-0.0244259	-0.730649	0.307083	0.0428436	0.144706	-0.369094	-0.139293	-0.6098	0.235317
V	0.193306	-0.627161	0.126156	0.120844	-0.0976655	-0.233049	-0.573663	-0.161344	-0.0771626
W	0.449727	0.0882125	-0.373474	-0.136925	-0.194588	-0.00151672	-0.274939	0.305746	-0.59904
Y	0.40317	0.532865	-0.492402	-0.27417	0.0139994	0.0225852	-0.711841	0.445412	0.00529588


4.37246
