NumCols:	10
A	-0.687155	0.142242	-0.122027	-0.107331	-0.0495445	-0.0222871	0.0437433	-0.00746522	-0.123826	-1.13245
C	-0.288142	-0.185463	0.0562575	0.0188039	-0.0623245	-0.0228543	-0.0409797	-0.00950822	0.0333484	-0.152053
D	0.553533	-0.428015	0.222207	0.0431251	0.133936	0.0878052	0.0236801	0.0187929	0.0912862	-0.0399633
E	-0.322105	-0.862862	-0.239811	0.0187558	0.0988324	0.0450862	0.0117078	0.0171043	-0.0168835	-0.08799
F	0.130227	-0.231652	-0.0131966	0.0380044	-0.257897	-0.0737421	-0.199662	-0.0548141	-0.0135717	0.0441163
G	0.210353	-0.0406338	0.252008	0.0170044	-0.0375641	0.00869547	0.10092	0.00560492	0.0597773	-0.121236
H	0.203452	0.0159535	-0.32122	0.00113331	0.0641865	0.0368622	-0.0436435	-0.00626029	0.128641	0.397669
I	-0.164208	0.0255875	-0.167207	0.0577728	-0.071604	-0.0920696	0.0851092	-0.0164097	-0.0781018	-0.106502
K	0.168987	0.313142	0.430982	-0.0371539	0.207812	-0.0749854	0.139535	0.0325316	0.156969	0.424518
L	0.207673	0.00254195	0.379945	0.0176799	-0.0891071	-0.0886611	-0.0578407	6.55319e-05	-0.0804212	0.178133
M	-0.523772	-0.0543378	-0.663739	0.016603	-0.0709295	-0.0354992	-0.0755595	-0.0227683	0.0722872	0.30372
N	-0.0163281	0.0333547	-0.239742	0.0627784	0.0356156	0.0857489	-0.0388734	0.020448	-0.00497413	0.260815
P	0.826933	0.381343	0.482083	0.0044839	0.00080585	0.0327917	0.127822	0.0134457	-0.129003	-0.41177
Q	-0.334981	0.0909647	-0.384709	0.00276007	0.0554411	0.0742137	0.00249296	0.0389328	-0.0282134	0.190444
R	-0.110664	0.398791	0.35029	-0.0437606	0.196816	-0.0589205	0.0969086	0.00942733	0.209659	0.23474
S	-0.344978	-0.0640335	-0.125803	-0.0279952	0.0101164	0.064341	0.0540488	0.0219778	-0.123529	-0.0908063
T	-0.092427	0.1218	0.08866	-0.0374121	-0.019699	0.092043	0.0696243	0.0121224	-0.140055	-0.123382
V	0.0293413	0.322029	0.401536	-0.030023	-0.0486286	-0.0472227	0.0283297	-0.00573614	-0.140462	-0.423709
W	0.243537	0.0464249	-0.169582	0.0347381	-0.0785697	0.00197635	-0.146525	-0.0247769	0.113374	0.28484
Y	0.310722	-0.0271773	-0.216931	-0.0499672	-0.0176935	-0.0133218	-0.180838	-0.0427144	0.013699	0.370862


4.26353
