NumCols:	10
A	0.509203	-0.197931	0.151164	0.229982	0.0817595	-0.0572016	0.158495	-0.271952	-0.157117	-1.65485
C	0.0117259	-0.0346534	0.0328432	-0.0264592	-0.0491419	0.02227	-0.00840619	0.00646472	-0.0148044	-0.102369
D	0.615716	-0.133912	0.366783	0.121009	0.0822902	0.155483	0.0361676	0.0228589	0.0167522	0.00544898
E	0.24692	-0.00379112	0.191308	0.115308	0.183114	0.059607	0.0464382	0.0517511	-0.0360659	-0.0122742
F	-1.23305	0.151027	-0.348907	-0.0995665	-0.359066	-0.084258	-0.0975804	0.00607154	0.0731913	0.222649
G	0.11617	-0.0844823	0.181902	0.10607	0.202125	0.0380823	0.0174915	0.0636077	-0.0876552	-0.206737
H	-0.199662	0.0652202	-0.278147	-0.0691837	0.02109	0.00332656	0.000545458	0.056917	0.0965376	0.566659
I	-0.0148357	0.195679	-0.293345	-0.237339	-0.358263	-0.129039	-0.132559	-0.0421714	-0.124779	-0.119109
K	0.478194	0.0698038	-0.08456	0.155356	0.0326418	0.00241885	0.0336834	0.012451	0.0679603	0.267421
L	-0.440352	0.337811	-0.17925	-0.176277	-0.200064	-0.129328	-0.0928021	0.0888748	0.0324349	0.365372
M	-0.836895	0.298653	-0.42728	-0.159172	-0.149112	-0.0369659	-0.0779232	-0.0184398	0.026455	0.40885
N	0.190605	0.0195051	0.159171	-0.189642	0.205611	0.0704478	-0.0187665	0.17345	0.0512368	0.404831
P	0.729461	-0.756425	0.617921	0.0446843	0.107233	0.0598511	0.130525	-0.0725542	-0.0777418	-0.552913
Q	0.562067	0.0664059	0.0615552	0.0821382	0.275089	0.0355145	0.0421333	0.127168	0.00924783	0.415661
R	0.439106	0.00724387	-0.177511	0.21356	0.12495	-0.0125158	0.0748872	-0.0704532	0.112441	0.399332
S	0.0193186	-0.151805	0.135622	0.0521046	0.279862	0.113535	0.0409197	0.014562	-0.0154075	-0.142274
T	0.156371	-0.0721587	0.136043	0.19302	0.0915473	0.0459401	0.0572107	-0.0366473	-0.00986078	-0.266462
V	-0.119034	0.022296	0.00198807	-0.0432083	-0.183526	-0.118998	-0.0354958	-0.0203141	-0.08427	-0.932195
W	-0.154457	0.0761706	-0.0593849	-0.0436479	-0.205707	0.0306809	-0.104508	0.0303297	0.0610335	0.550573
Y	-1.07657	0.125343	-0.187915	-0.268737	-0.182435	-0.0688512	-0.0704559	-0.121975	0.0604115	0.382389


4.2669
