NumCols:	10
A	0.195881	-0.0640842	0.188549	-0.280862	-0.0836371	0.204532	0.147831	0.165069	0.00739968	0.0598007
C	0.00498462	0.242828	0.043876	-0.107617	-0.330733	0.00812168	-0.0684759	0.0988212	-0.0121784	0.0915398
D	0.233204	0.277213	0.236574	0.199903	0.280849	0.207166	-0.0121948	0.201432	0.277464	0.444854
E	0.143858	0.0635713	0.262181	-0.19817	0.253997	0.314813	0.0320113	0.381038	0.127232	0.325099
F	-0.238487	0.268921	-0.276936	-0.0980635	-0.244232	-0.218408	-0.22979	-0.675081	-0.24127	-0.498293
G	-0.0172932	0.360969	0.186527	0.121454	0.318031	-0.00416707	0.0478625	-0.0673339	-0.00698355	0.25422
H	-0.219819	0.0689426	-0.183912	-0.212813	0.166351	0.057217	0.0199586	-0.03561	-0.112388	-0.15958
I	-0.0725333	0.0708204	-0.215033	-0.156671	0.178586	-0.470887	-0.200854	-0.360069	-0.0776167	-0.46976
K	-0.318861	-0.507667	-0.123673	0.598184	0.12139	0.18214	0.183903	0.227754	-0.132316	-0.30562
L	0.0820121	0.0691599	-0.130957	-0.14847	-0.211804	-0.0405995	-0.0769818	-0.350255	-0.146081	-0.416689
M	-0.0932774	-0.0194537	-0.309798	-0.154812	-0.0852718	0.0432327	-0.0640056	-0.229655	-0.101167	-0.329536
N	0.160708	0.349093	0.0260771	0.0531023	-0.0553601	-0.0336425	0.00761795	0.268775	0.126664	0.264281
P	0.441446	0.342211	0.513806	0.344551	0.158012	0.0790288	-0.0599435	-0.137392	0.193975	0.711402
Q	0.124186	-0.194839	0.170025	-0.27378	0.00933683	0.160869	0.0747284	-0.179179	0.104153	0.304038
R	-0.685045	-1.89719	-0.22716	-0.0352839	-0.119146	0.0457451	0.232971	0.19514	-0.168575	-0.479613
S	0.0831325	0.201282	0.144286	0.267735	0.0834617	0.135492	0.0989785	0.343206	0.120415	0.281905
T	0.241894	0.374911	0.160903	0.209348	0.169101	-0.0550164	0.0635475	0.0400366	0.140727	0.275305
V	0.179743	-0.00240795	0.0613025	0.182505	0.112595	-0.204104	0.03169	0.421002	0.0637055	-0.054448
W	-0.0941165	-0.162241	-0.199025	-0.222052	-0.325256	-0.319254	-0.164426	-0.245502	-0.000104566	0.0119725
Y	-0.151617	0.157965	-0.327612	-0.0881861	-0.396269	-0.0922803	-0.0644271	-0.0621967	-0.163054	-0.31088


4.42058
