NumCols:	9
A	0.162165	-1.08314	-0.317456	-0.299015	0.000110191	-0.109057	-0.0656044	0.274756	0.569825
C	-0.0457808	0.212402	0.0888163	0.218069	0.0177918	0.0577074	-0.158267	0.153229	-0.376003
D	0.654817	0.636936	0.263304	0.0826373	0.123116	-0.0456989	0.174469	0.304967	0.22516
E	0.433917	0.50857	0.804641	0.0674374	0.0566459	0.0315968	-0.0812876	-0.169233	0.455549
F	-0.0743905	-0.0365354	-0.233372	0.0919374	-0.00730658	0.251573	-0.436043	-0.0328085	-1.01241
G	0.0962486	-0.207222	0.054315	-0.0242629	0.0561268	0.099282	0.30782	0.128262	0.41135
H	-0.0892604	0.533594	0.235765	-0.0909936	0.159636	0.0816317	-0.0930124	-0.221681	0.0780449
I	-0.43198	-0.18937	-0.360589	0.0378983	-0.0272828	-0.127758	0.0438957	-0.0260972	-0.766303
K	-0.72917	0.429619	0.348534	0.156147	0.18307	0.193758	0.391285	0.00815007	0.734637
L	-0.243815	-0.0276613	-0.198656	0.128518	-0.0802755	-0.0550283	-0.214329	-0.117857	-0.26803
M	-0.445864	-0.393515	-0.425383	0.126348	-0.0913155	0.0239391	-0.162576	0.109457	-0.582315
N	0.463485	0.23709	-0.304441	0.117061	0.135213	-0.00863135	0.133561	0.0720302	0.159503
P	0.884659	0.53063	0.839519	-0.337666	0.0927628	-0.20054	0.0542041	0.055763	0.828536
Q	0.0516855	0.283216	0.00590726	-0.102465	0.0320645	-0.145641	0.0555331	-0.17497	0.427247
R	-0.558581	0.515993	0.44022	-0.110403	0.277505	0.295656	0.542347	0.00928098	0.618748
S	0.0891389	-1.27882	-0.328247	-0.0500891	-0.217716	-0.0664559	0.133985	-0.00277852	0.609997
T	0.168556	-0.97516	-0.16587	-0.044851	-0.198374	-0.0738836	-0.0408616	-0.0831986	0.490535
V	-0.132124	-0.468852	-0.251568	-0.107884	-0.336592	-0.160799	0.0187096	-0.0617739	0.189358
W	-0.0036773	0.269691	-0.1336	0.0851697	-0.0690288	-0.0101564	-0.375776	0.0156583	-2.05304
Y	-0.250028	0.502526	-0.361838	0.0564068	-0.106152	-0.0314943	-0.228053	-0.241155	-0.740398


4.96474
