NumCols:	9
A	-0.30981	-0.299133	0.286646	-0.212714	-0.16932	0.176875	-0.0571624	0.00789733	-0.780559
C	0.196389	0.22185	0.282525	-0.147027	0.0833559	0.162582	-0.035834	0.114458	0.304865
D	0.564267	0.689992	0.649528	0.162488	0.253747	0.272878	0.386846	0.276418	0.435498
E	0.64026	0.819979	0.480536	0.235457	0.165772	0.194468	0.426796	0.0304242	0.465094
F	0.280429	-0.346107	-0.342398	-0.0340447	-0.0434665	-0.0909394	-0.0982399	-0.470373	0.227363
G	0.15487	-0.101667	0.297552	0.19568	0.0394105	0.0266201	0.102396	0.126001	-0.186786
H	-0.487229	0.267173	-0.577557	0.0390609	-0.113639	-0.15364	0.0256988	-0.0912942	0.27955
I	-0.0564377	-0.215009	0.141821	0.0107889	0.0556671	0.0474054	-0.219113	-0.0227162	-0.446899
K	-0.933772	-0.0392977	-0.946225	-0.0926484	0.0369285	0.102642	0.186294	0.17676	-1.3755
L	-0.110143	0.0141385	-0.137666	-0.0147508	0.0663538	0.0870758	-0.149824	-0.111269	-0.234345
M	-0.43468	-0.138188	-0.130695	-0.191101	0.0398275	0.0103766	-0.225936	0.168308	-0.154237
N	0.238805	0.169384	3.78546e-05	-0.0475717	0.036214	-0.0193914	-0.014393	0.0821619	0.461355
P	0.565532	0.906548	0.466273	0.000653514	0.0900706	-0.0376747	-0.3842	-0.240051	0.342962
Q	0.197643	-0.0799625	0.161523	0.230341	-0.0261622	0.00296175	0.010703	0.179363	0.638648
R	-0.931373	0.411154	-1.29218	-0.183616	-0.179464	-0.182088	-0.0618183	0.0274207	-0.133355
S	-0.167199	-0.504652	0.0914103	0.0787841	-0.127817	-0.153499	0.0337929	-0.0753322	0.0373085
T	0.0976652	-0.693563	0.304127	-0.00373611	-0.171449	-0.0982716	0.246256	0.0444413	0.0454898
V	0.0843847	-0.614902	0.204952	-0.0301613	-0.0693892	0.025699	-0.0206209	-0.0494979	-0.438023
W	0.337495	-0.143955	0.176392	0.131934	0.144138	-0.18465	0.00957405	0.109839	0.541788
Y	0.0729043	-0.323783	-0.116607	-0.127815	-0.110779	-0.18943	-0.161216	-0.28296	-0.0302219


4.25562
