NumCols:	10
A	-0.617838	0.312376	-0.123871	-0.0719339	0.119439	0.114785	-0.0424563	-0.0166302	-0.0174279	0.40955
C	0.176402	-0.211736	0.0329935	-0.0333321	-0.00539236	-0.239159	-0.0146771	0.135439	0.00199665	-0.356604
D	0.45265	-0.183587	0.489922	0.0230339	0.264148	0.284534	-0.0244952	0.14886	0.0752783	-0.0642666
E	-0.357267	-1.37086	-0.0394958	0.0103695	0.157165	0.135945	0.0671375	0.189116	-0.0529206	-0.0438741
F	0.410137	-0.171437	-0.563496	-0.0989197	-0.523761	-0.673921	-0.167229	-0.162302	-0.169009	-0.75658
G	0.0432002	0.0146431	0.321167	0.00764954	0.0433718	0.203642	0.0069577	0.106419	0.0686703	0.312586
H	0.216471	0.112632	-0.188766	0.0121024	0.116375	-0.047438	0.0422479	0.0383349	0.0230083	-0.0373154
I	0.0699476	-0.0315501	-0.419463	-0.0282189	-0.233687	-0.123651	0.0817963	0.14972	-0.00310968	-0.16417
K	0.0376959	0.453869	0.506194	0.0506629	0.216301	-0.273071	0.0533124	0.28837	0.0240328	0.496932
L	0.125899	-0.070606	-0.0850189	0.0136486	-0.274131	-0.285961	0.0298391	-0.231351	-0.133849	0.0537691
M	-0.436174	-0.113455	-0.657913	0.000364044	-0.237215	0.161289	0.0168949	-0.267903	-0.0137378	-0.0269904
N	-0.218434	0.239509	-0.134586	0.0416538	0.0103236	0.455899	-0.0537652	0.0464131	0.101286	0.000921467
P	0.842356	0.177072	0.628458	0.0282867	0.206611	-0.0836313	0.0971088	0.164678	0.0768738	0.182012
Q	-0.468081	-0.272861	-0.0839569	0.0713988	0.0631572	0.352087	0.0704456	-0.00141554	0.043585	0.26617
R	-0.209881	0.358754	0.332322	0.063837	0.250502	0.0693273	-0.0125534	-0.0232909	0.0365623	0.105346
S	-0.693243	0.0892668	0.13936	0.0265389	0.0209258	0.142448	0.0305689	-0.176577	0.13343	0.681899
T	-0.0314998	0.12702	0.233417	0.0125417	0.0878479	0.260019	0.0262233	-0.09052	0.0589867	0.573022
V	0.181998	0.341984	0.0951194	-0.0403056	-0.067661	-0.0680407	0.0368247	0.0258218	0.0521366	0.247501
W	0.316768	0.0241229	-0.175697	-0.0420006	-0.115025	-0.153777	-0.144052	-0.048191	-0.0238275	-1.09213
Y	0.158895	0.174842	-0.306689	-0.047377	-0.0992948	-0.231324	-0.100129	-0.274992	-0.281965	-0.787775


4.63059
