NumCols:	9
A	0.308687	-0.431124	-0.0150873	-0.0224794	-0.0423794	-0.0123431	0.0359604	0.0536056	0.0224867
C	-0.0117828	-0.030051	0.0402415	-0.0233516	0.0297159	-0.0924042	0.00495909	0.0165603	-0.00984942
D	0.0581194	-0.0543839	0.156386	-0.0368306	0.0372713	0.106156	-0.000463343	0.00897695	0.13088
E	-0.00300215	0.0358637	0.170518	-0.0323971	0.0437509	0.0623234	-0.00261401	-0.0116588	0.137436
F	-0.555479	0.148009	-0.217671	-0.00918068	0.00369926	-0.178311	-0.00923145	0.000880313	-0.139067
G	0.213949	-0.0789384	0.139725	0.0263799	-0.00886383	0.00521867	0.021166	0.0448282	0.120742
H	0.123919	0.152128	0.102154	0.0111033	0.0330974	0.0946549	0.0076908	0.0275266	0.33708
I	-0.365859	0.0737287	-0.142809	-0.00194719	-0.0504269	0.0341973	-0.0382386	-0.0917796	-0.969629
K	0.226867	0.149673	0.122928	0.06008	0.00587438	0.182466	0.0282129	0.0340671	0.124284
L	-0.519312	0.225051	-0.165722	0.0199245	-0.0165035	-0.0785864	-0.0388109	-0.0650144	-0.152577
M	-0.470615	0.341644	-0.118913	0.0207578	-0.00586695	0.0372871	-0.00862833	-0.0328371	-0.222442
N	0.034483	0.0898207	0.0481623	-0.000196002	0.0352044	0.0692161	-0.0227306	-0.0203812	0.181858
P	0.441311	-1.05771	0.0437463	-0.0336636	-0.0180029	-0.0638383	-0.0255358	-0.0200414	0.196101
Q	0.181671	-0.00659066	0.142676	0.020932	0.00287655	-0.0217174	-0.0226421	-0.015969	0.261354
R	0.455078	0.0727801	0.138039	0.0583657	0.0258243	0.258915	0.0598729	0.0659427	0.318576
S	0.259345	0.0750072	0.103377	-0.0070745	-0.0315371	-0.0674951	0.0103965	0.0131642	0.198142
T	0.149746	0.0050317	0.0684442	-0.0111644	-0.0428471	-0.0122576	0.00363015	-0.000702241	0.104705
V	-0.188314	-0.0876616	-0.0937314	-0.0244513	-0.0561086	-0.0806809	-0.017752	-0.0357473	-0.542924
W	-0.143275	0.172365	-0.147666	-0.012988	0.0266321	-0.126464	0.00244085	-0.00749308	-0.205783
Y	-0.195537	0.205353	-0.374796	-0.00181885	0.0285898	-0.116337	0.0123176	0.036072	0.108625


4.87783
