NumCols:	9
A	-0.0521963	0.1837	0.00927762	-0.062078	-0.0150448	-0.0839114	0.0123622	0.0887052	0.0843794
C	0.00918743	0.307557	0.276049	0.00190769	0.0290032	0.215447	0.163346	0.0725481	0.167667
D	0.539334	0.499833	0.524351	0.151361	0.170133	0.32076	0.312254	0.36525	0.485313
E	0.520032	0.451376	0.623411	0.0192902	0.243587	0.287596	0.0604138	0.156638	0.622069
F	-0.255057	0.254965	-0.42114	0.0552415	-0.192675	-0.195348	-0.150196	0.0319058	-0.481679
G	-0.0997601	0.172996	0.414846	-0.0738228	0.0895384	-0.0376074	0.0975442	-0.0669233	0.39366
H	-0.269325	0.0285082	-0.0988224	0.0420643	0.0952981	0.126773	-0.178562	-0.0264542	-0.317387
I	0.064682	0.352269	-0.103095	0.050439	-0.17453	-0.228935	-0.0392427	0.229642	-0.356779
K	-0.310042	-0.599201	0.117889	0.00400231	0.234454	0.0685283	0.138096	-0.0761923	-0.531171
L	0.0614791	0.100527	-0.279515	-0.0405435	-0.27342	-0.0932122	-0.215025	-0.27192	-0.39068
M	-0.0288934	-0.406226	-0.403276	-0.0864921	-0.0765413	-0.034329	0.100324	-0.165299	-0.605957
N	0.271667	0.112124	0.0382577	-0.112072	0.0932208	-0.095922	0.0692243	-0.0571095	0.128434
P	0.456443	0.71478	0.155957	0.164819	0.239626	0.0714134	0.0601755	-0.148891	0.656716
Q	0.025971	-0.841257	-0.0941888	0.0100691	0.0304037	-0.030766	0.162131	-0.0620341	0.484241
R	-0.799942	-1.90095	0.0829466	-0.151835	-0.0488682	-0.107249	-0.0883372	-0.0414216	-0.37664
S	0.0230485	-0.100692	0.165059	-0.0231015	0.159529	0.0494811	-0.00522991	-0.110046	0.240756
T	0.205109	0.313274	-0.0131893	0.0233108	-0.00374775	0.124819	-0.0547543	-0.00497043	0.227914
V	0.175333	0.294814	-0.0695759	0.065827	-0.0520251	-0.119554	-0.086348	0.0899854	-0.0999443
W	-0.193567	-0.102931	-0.649778	-0.0449288	-0.335545	-0.203015	-0.118471	0.0289082	-0.046827
Y	-0.343503	0.164534	-0.275462	0.00654147	-0.212395	-0.0349682	-0.239704	-0.0323208	-0.284083


4.91782
