NumCols:	9
A	-0.264326	-0.586603	-0.389775	-0.0607784	-0.115831	0.0116017	-0.176817	-0.651503	-0.345551
C	0.20837	0.41908	0.239866	0.0602735	-0.139365	0.186297	0.0854604	0.195604	0.33295
D	0.743285	0.475083	0.210801	-0.0249017	0.210136	0.199605	0.304425	0.150533	0.820752
E	0.51661	0.566037	0.252496	0.0453722	0.384271	0.403833	0.289911	-0.0391759	0.428591
F	-0.153205	0.295493	0.0812786	0.123162	0.165831	0.00866108	0.165542	0.191818	-0.792789
G	0.245742	0.0977838	0.257538	-0.0557228	-0.107943	-0.287921	-0.150241	0.0880007	0.755084
H	-0.257473	0.516253	-0.0701064	-0.117817	-0.284724	-0.119154	-0.108869	0.307569	-0.0152129
I	-0.145353	-0.206184	-0.0734004	0.0943773	0.234711	0.113873	-0.00176033	-0.00417209	-0.686707
K	-0.191593	0.206421	0.111791	-0.041996	-0.0466927	-0.102441	0.176807	0.325646	0.459787
L	-0.153433	-0.130323	0.0789259	0.0761409	0.20158	0.123641	-0.122183	0.0894674	-1.22378
M	-0.403225	-0.114078	-0.378975	-0.138041	0.0384584	-0.053712	0.00935456	0.0321076	-1.1935
N	0.0590935	0.242947	0.149038	0.0888402	-0.0830194	-0.0872108	-0.165861	0.203088	0.741627
P	0.585088	-2.01245	0.269211	0.0115948	-0.12903	0.253911	0.176714	-0.532536	0.711413
Q	0.240839	0.162285	-0.0203702	-0.158353	0.0498404	0.103885	-0.00759194	-0.0525722	0.148378
R	-0.595352	0.307152	-0.84745	-0.118594	-0.294355	-0.544533	-0.292008	0.200151	0.303659
S	-0.204894	0.0308259	-0.0100857	-0.00667889	-0.111337	-0.153361	-0.306838	-0.493488	0.404748
T	0.220311	-0.168459	0.108462	0.109938	-0.0597662	-0.255426	-0.159016	-0.133059	-0.0539141
V	-0.0278632	-0.650169	0.0896036	0.134605	0.0514163	0.128147	-0.116334	-0.275918	-0.716406
W	-0.0516059	0.353471	-0.00338538	-0.06174	0.0613466	-0.0972183	0.254979	0.179384	-0.210898
Y	-0.371013	0.195435	-0.0554632	0.0403194	-0.0255266	0.167523	0.144327	0.219056	0.131768


5.51949
