NumCols:	10
A	0.169686	0.411059	0.00148059	-0.0218576	-0.143277	-0.00334349	-0.0715643	0.0539216	0.160211	0.569169
C	0.187614	0.0804046	-0.122069	-0.039628	0.0359145	-0.00694945	0.0250773	0.0315784	0.11505	-0.357884
D	0.205598	0.248191	0.174043	-0.034726	0.0459342	0.0903592	-0.0230021	0.252801	0.0362733	-0.135822
E	0.166361	0.36514	0.137609	0.035153	0.076357	0.0495966	0.0534059	0.24693	0.114193	-0.181447
F	-0.284582	-0.582365	-0.550494	0.0279244	-0.111975	-0.096884	-0.251515	-0.247628	-0.230541	-1.60189
G	0.171104	-0.0949932	0.0695101	-0.119409	0.130344	-0.052337	-0.0181354	0.206078	0.285276	-0.0110601
H	0.0960331	-0.0859826	0.0625738	0.0494233	0.0285241	0.0521469	0.0794673	0.0967763	-0.0310268	0.0673045
I	0.000581162	0.247663	-0.251758	0.0372554	0.04218	-0.0339319	-0.0699557	-0.0648097	-0.105229	-0.293838
K	-0.0903185	0.187427	0.232686	-0.0372542	0.129846	0.104992	0.095186	0.410213	0.209521	0.764994
L	-0.0556382	0.180084	-0.2121	0.0412363	-0.0142413	0.0581456	-0.0187966	-0.169146	-0.291922	-0.361777
M	-0.11459	-0.05929	-0.244815	0.0106309	-0.0204687	-0.0157053	0.0206709	-0.162036	-0.15692	-0.278884
N	0.0631408	0.325121	0.210131	0.0349437	0.0582376	-0.0233897	0.192834	0.100067	-0.169314	-0.146873
P	0.0611417	0.559859	-0.055832	0.0376956	0.0294967	0.0392787	0.0341705	-0.192084	0.301858	0.319665
Q	0.113395	0.206412	0.241625	0.0355196	0.131286	-0.0621014	0.238119	0.0438344	0.0897649	0.244832
R	-0.36956	0.0661911	0.241782	0.00151239	-0.00752352	0.0919985	0.0890848	0.306693	0.34526	0.78319
S	0.121209	0.195954	0.203743	-0.0681158	0.0333324	-0.0465092	0.0817393	-0.0360767	0.0456928	0.419405
T	0.0859215	0.365109	0.26272	0.0335636	-0.0498821	-0.0834367	-0.0795476	-0.0443427	-0.171678	0.426209
V	-0.123922	0.179668	0.0898659	0.117449	-0.0764837	0.0151173	-0.115084	-0.128167	-0.276776	0.372425
W	-0.0863949	-1.30828	-0.183597	-0.0191215	-0.0497341	-0.081828	-0.0586142	-0.152466	-0.0349896	-0.88722
Y	-0.31678	-1.48737	-0.307103	-0.122194	-0.267867	0.00478132	-0.203541	-0.552135	-0.234706	0.289506


4.34323
