NumCols:	9
A	-0.165473	-0.791649	0.153144	-0.0419491	-0.207813	-0.0610628	0.0559341	0.27926	0.275635
C	0.352514	0.326974	0.0909622	0.0233176	-0.0339355	-0.0360054	0.0240142	0.179636	0.575378
D	0.906531	0.746016	0.154959	0.155991	0.17594	0.228685	0.0377036	0.385528	0.31636
E	0.852314	0.853866	0.0288223	0.437637	0.375554	0.264949	0.0144735	0.248094	0.31475
F	-0.682154	0.706831	-0.380942	-0.11509	-0.282982	-0.271823	-0.223021	-0.147821	-1.30659
G	-0.401444	-0.789764	0.196123	-0.00514708	-0.0544353	-0.142277	-0.125806	0.207035	0.0501134
H	0.255643	0.37348	-0.354676	-0.0788712	0.0781826	-0.134605	-0.156774	0.00932292	0.0247797
I	-0.718329	0.00766135	0.0415836	0.259017	-0.119035	0.147775	0.115246	-0.33738	-0.361484
K	-0.44548	0.258085	-0.115724	-0.214026	0.214159	0.027298	0.212122	-0.0712397	0.648661
L	-0.328348	-0.34677	-0.146791	0.235458	-0.112971	-0.0802541	0.0610038	-0.359907	-0.848049
M	-0.663508	0.628566	-0.265356	-0.105814	-0.138258	-0.150009	-0.0126429	-0.325889	-1.46923
N	0.691451	0.239989	0.135332	-0.15678	0.28187	-0.0943987	-0.0456975	0.108653	0.236916
P	1.88202	0.803209	0.992191	-0.0237757	-0.0975945	0.0453846	0.0552711	0.454497	1.14927
Q	0.401483	0.0979841	0.230138	0.00346784	0.294421	0.109114	0.158595	0.0228627	0.531931
R	-0.7402	0.464482	-0.301434	-0.183953	0.147667	-0.06672	0.255451	-0.0397772	1.11024
S	-0.214381	-1.58327	-0.139968	-0.329918	0.00741477	-0.0745377	-0.554578	-0.00361827	0.498354
T	0.252371	-1.87596	-0.0571262	-0.0211118	-0.118635	0.100272	-0.250257	-0.0982961	0.2627
V	-0.147304	-1.27605	0.0754304	0.18548	-0.221724	0.141042	0.192506	-0.249419	-0.262747
W	-0.391788	0.42515	-0.0241275	-0.00923669	-0.0580032	0.0622109	0.208809	-0.209778	-0.280565
Y	-0.695916	0.73116	-0.312541	-0.0146956	-0.129821	-0.0150367	-0.0223523	-0.0517625	-1.46643


4.91481
