NumCols:	9
A	-0.210161	0.348489	-0.0880438	-0.0511923	-0.0982295	0.0164297	0.0759973	0.11388	0.274236
C	-0.142644	0.212802	0.143112	0.00376685	0.028013	0.0305342	0.180594	0.0706452	0.195959
D	0.405134	0.455226	0.370365	0.0162654	0.264296	0.454741	0.145634	0.281181	0.461872
E	0.424427	0.133873	0.0745255	0.0142045	0.386194	0.410973	0.144085	-0.0456914	0.449558
F	-0.0963067	0.250308	-0.100325	0.00794747	-0.26364	-0.373451	0.106024	-0.177496	-0.608538
G	-0.210018	0.245368	0.39993	0.0364796	0.0735496	0.149869	0.0804988	-0.162674	0.312195
H	-0.107772	-0.19355	0.248297	0.00136276	-0.000616453	-0.0217177	-0.313314	-0.134117	-0.0747631
I	0.0123758	0.124326	0.0592385	0.0205839	-0.129252	-0.293833	-0.0322253	0.0423199	-0.35578
K	-0.229581	-0.446374	0.207834	-0.0116203	0.1593	0.0223721	0.340877	0.150448	-0.451775
L	0.26013	-0.0392329	-0.0577736	0.0353246	-0.202877	-0.147476	-0.48071	-0.331	-1.06732
M	0.0102752	-0.126339	-0.148272	0.0437027	-0.292915	-0.0831171	-0.107949	-0.0765875	-0.50079
N	0.207189	-0.0382473	0.00411445	-0.00632582	0.0921553	-0.0255371	-0.248962	-0.0235181	-0.0948468
P	0.509426	0.11595	0.301597	-0.0862035	0.289414	0.0589714	-0.0599244	-0.0624771	0.56586
Q	0.0575055	-0.563973	-0.51296	0.00922952	0.202945	0.239919	0.0593831	0.138246	0.194347
R	-0.829082	-1.46636	-0.272575	-0.0484174	-0.0901211	-0.239949	-0.258571	-0.0475476	0.0159825
S	-0.189495	0.114804	0.0343096	0.012193	0.161758	0.170132	-0.0986309	0.0993436	0.326888
T	0.0835646	0.342298	0.00461762	-0.00120233	0.0103233	0.0635299	0.0155829	0.0915913	0.266495
V	0.231874	0.296435	0.181801	-0.0183638	-0.221902	-0.185368	-0.0505505	0.0376038	-0.235367
W	-0.0853241	0.128739	-0.4052	0.00642374	-0.188645	-0.0479602	0.205947	-0.0419754	0.282275
Y	-0.101517	0.105456	-0.444592	0.0158415	-0.17975	-0.199063	0.296214	0.0778262	0.0435156


4.78294
