NumCols:	9
A	0.00911944	-0.238794	-0.349978	-0.210234	-0.135608	0.212876	-0.0904513	-0.575735	-0.110205
C	0.094768	0.0172056	0.0425027	0.188394	-0.00524162	0.0185264	0.0257523	0.122164	-0.0195165
D	0.553261	-0.102941	-0.0502127	-0.0870226	0.0361746	0.0188628	0.101964	-0.187497	0.350208
E	0.245513	-0.104118	-0.21732	-0.160114	0.033322	0.0433811	0.152679	-0.306829	0.294616
F	-0.15243	0.129176	-0.298158	-0.108586	-0.105928	0.0118596	-0.0763679	0.353505	-1.13685
G	-0.031887	0.152542	0.120391	0.212347	0.0314373	0.0340118	0.0284277	0.558245	0.30492
H	-0.306448	0.393304	0.303748	0.0351301	0.0553612	-0.0370856	-0.0841152	0.409594	0.3446
I	-0.257501	-0.323808	-0.257563	-0.0709947	-0.0906819	-0.12306	0.0157509	0.00103767	-0.510572
K	-0.385858	0.223996	0.44733	-0.228692	0.0515512	0.16055	0.0036617	0.238081	0.682647
L	-0.275338	-0.0789838	0.016224	0.0373375	-0.0410869	-0.0120018	0.0410877	0.164733	-0.521088
M	-0.50065	0.351617	-0.285502	-0.084296	-0.0262725	-0.0718263	0.0476131	0.1828	-0.625289
N	-0.105746	0.118768	0.0260963	0.000944331	0.0705255	-0.0820532	-0.127015	0.107476	0.417861
P	1.01254	-1.24944	0.635319	0.000594141	0.0401326	0.271547	0.0151039	-0.798089	0.60399
Q	0.223497	0.115099	-0.00880996	-0.00142231	0.0937752	-0.0747531	0.121647	-0.0734752	0.663929
R	-0.155514	0.588335	0.410041	-0.0519074	0.0860361	0.156775	-0.0569025	0.148817	0.768604
S	-0.206943	0.151925	-0.26256	0.0200472	0.0343235	-0.161641	0.00861173	-0.117939	0.265872
T	0.314071	-0.0637088	-0.0315896	0.150562	-0.000134253	-0.0887862	0.045776	-0.341567	0.218364
V	0.24777	-0.484765	-0.137275	0.0603545	-0.103054	-0.0460372	-0.0526177	-0.354405	-0.178477
W	0.184146	0.121359	-0.0186304	0.357165	0.0278916	-0.179743	0.0642315	0.200924	-0.166598
Y	-0.506372	0.283236	-0.0840525	-0.0596064	-0.0525242	-0.0514014	-0.184838	0.26816	-1.64702


5.12117
