NumCols:	9
A	0.0638029	-0.392141	0.215524	0.0415469	-0.014157	0.184074	0.148387	0.0510292	-0.812252
C	-0.0498869	-0.263858	-0.105511	0.0127671	-0.00435036	-0.0462603	-0.156104	0.015681	-0.52048
D	-0.0317067	0.22634	0.0989179	0.0131765	-0.00448987	0.0316223	-0.0213118	0.0161838	0.416621
E	-0.0444862	0.623398	-0.0996888	0.0259571	-0.0088448	0.089601	-0.167719	0.0318813	0.307635
F	-0.138253	-1.02748	-0.572247	0.0191863	-0.00653769	-0.312622	-0.944364	0.0235653	-1.51176
G	0.00704119	-0.0429369	0.0376693	-0.000353718	0.000120528	-0.0983008	0.00708543	-0.000434448	0.142543
H	0.0370481	0.551405	0.191629	-0.0720826	0.024562	-0.320232	0.116708	-0.0885342	0.233478
I	-0.0208762	-0.590976	-0.352098	0.0630818	-0.0214949	0.666357	0.0964375	0.0774791	0.105318
K	0.282003	1.19765	0.747892	-0.145274	0.0495018	0.0693588	0.834948	-0.178431	-0.000499885
L	-0.00933086	-0.346387	-0.447076	0.0316422	-0.010782	0.188221	-0.475053	0.038864	0.0145456
M	-0.0256828	-0.669784	-0.258324	0.00241187	-0.000821838	-0.00192274	-0.198092	0.00296234	-0.524706
N	-0.0269364	0.232643	-0.112631	-0.00680796	0.00231979	-0.308898	0.0236695	-0.00836176	0.615663
P	0.0438004	0.818905	0.16641	0.0287661	-0.00980197	0.514805	0.206702	0.0353315	0.912261
Q	0.0174169	0.545843	0.0172056	-0.00263859	0.000899092	-0.0172925	0.080537	-0.0032408	1.10348
R	0.204614	1.53313	0.700593	-0.138883	0.0473239	-0.125497	0.674127	-0.17058	0.479395
S	0.0597952	-0.0336599	0.217771	-0.00630048	0.00214687	-0.336057	0.247966	-0.00773845	0.82624
T	0.0145029	0.0112766	0.100088	0.0360989	-0.0123006	-0.0896174	0.125563	0.0443379	0.748252
V	-0.000164008	-0.561404	-0.158883	0.101082	-0.0344434	0.315679	-0.0254313	0.124152	0.222063
W	-0.13703	-0.932854	-0.244167	0.0130478	-0.004446	-0.165839	-0.276115	0.0160257	-0.0475708
Y	-0.245671	-0.879106	-0.143073	-0.0164244	0.00559656	-0.237181	-0.29794	-0.0201729	-2.71022


3.72903
