NumCols:	11
A	0.053129	-0.718967	0.413758	0.00525411	-0.481713	0.0395254	0.0286116	0.018686	-0.0792528	0.100927	0.146689
C	-0.0764058	0.135991	0.0556068	-0.0166668	-0.0866506	0.000856638	0.0142545	0.00232951	-0.0896454	-0.0075967	-0.00203401
D	0.245562	0.264569	-0.191826	-0.00710921	0.359784	-0.0043274	-0.00533867	0.00226366	0.389386	0.170292	0.276007
E	0.136587	0.199725	-0.0571587	-0.00240013	0.499314	0.0100589	0.0333074	0.00116093	0.231909	0.0738551	0.0879823
F	-0.403362	0.660705	0.0654425	-0.0346856	0.0764956	-0.0200635	0.0667476	-0.000529046	-0.122273	-0.193453	-0.874135
G	0.159721	-0.302056	0.103272	-0.02551	0.0815256	0.00394443	-0.0575817	0.0177283	-0.0663476	0.0710149	-0.081929
H	0.00086635	0.776998	0.0784165	0.0163861	0.334645	-0.00330575	-0.0490914	-0.00224732	0.0533315	-0.0670649	0.360526
I	-0.250576	-0.242232	0.19223	0.0692573	-0.394829	-0.00779699	0.0927615	0.0213407	-0.24675	-0.0624838	-0.622674
K	0.057965	0.367285	0.208268	0.0218822	0.501189	0.0180191	0.0278499	0.000382157	0.135645	-0.0756536	0.134362
L	-0.209517	-0.14396	0.369042	0.033017	0.153707	-0.00987212	0.0683853	-0.0153667	-0.119533	-0.0950995	-0.646055
M	-0.125398	0.450617	0.299646	0.0162066	-0.0139594	-0.0076192	0.0234055	-0.0143199	-0.213612	-0.076963	-0.395063
N	0.117744	0.587841	-0.13103	-0.0164795	-0.0379928	-0.0139447	-0.0789411	-0.0174925	0.11106	0.0933326	0.222954
P	0.446977	-0.184779	-1.13057	0.0168283	-0.501357	0.0222927	-0.132702	0.0541039	0.226891	0.226349	0.356284
Q	0.158064	0.458198	-0.157162	0.00984228	-0.0699122	-4.07139e-05	-0.0300495	-0.0102925	-0.13257	0.0707233	0.368248
R	0.025731	0.725412	0.0645667	-0.0136553	0.751639	0.0230373	0.00893455	-0.00997073	0.106643	-0.141901	0.542181
S	0.118676	-1.61801	0.00780923	-0.00896364	-0.056333	0.00428563	-0.0166875	-0.00479989	-0.171617	0.0900415	0.284077
T	0.0955564	-1.7633	0.24859	0.00578103	-0.382388	-0.00175307	-0.00934263	-0.0101286	0.0125378	0.0490085	0.205532
V	-0.0721944	-0.765261	0.21111	0.00774872	-0.242949	0.000665699	0.00599198	-0.00712764	0.125052	-0.0131626	-0.395121
W	-0.159472	0.472959	-0.229359	-0.0367946	-0.230366	-0.0284751	-0.00919357	-0.0103178	-0.0639337	-0.0714379	-0.0215069
Y	-0.319654	0.63827	-0.420651	-0.0399389	-0.259849	-0.0254872	0.0186786	-0.0154024	-0.0869184	-0.140729	0.0536749


5.25652
