NumCols:	10
A	-0.10201	-0.0162081	-0.0146777	0.104787	-0.120297	-0.176868	0.0202007	0.00220396	0.00783733	0.0924465
C	-0.0928187	-0.00252302	0.00621507	0.0203733	0.0169636	0.101076	0.0255087	-0.00172787	0.00432646	-0.0207749
D	0.0731801	-0.0112998	0.000899608	0.0450093	0.0599387	-0.125759	0.02063	-0.00642298	0.0049042	0.00800977
E	-0.0361663	-0.004891	0.0112813	-0.0694225	0.0396741	0.0292906	-0.128738	-0.00965518	0.00701435	-0.00408813
F	-0.175555	0.00283905	-0.0247686	-0.0867444	0.123706	-0.0137746	-0.0830654	-0.00988428	-0.00670673	-0.11708
G	0.0222241	-0.00278922	0.0136747	0.108135	0.00412788	0.0890575	-0.0263126	0.00253132	0.00728926	0.0113471
H	0.0660527	0.00107405	0.0223301	-0.23147	-0.0677053	0.135446	-0.0398135	0.000711044	0.00082385	-0.023187
I	-0.0319614	0.0116589	-0.0289488	0.0753394	0.115949	-0.265262	0.042435	0.00594206	-0.00259656	-0.0696405
K	0.136569	0.00024992	0.0154605	0.0109955	-0.0226902	0.217966	0.1073	0.0182212	-0.00711333	0.000809497
L	-0.0592315	0.0119998	-0.0193788	0.0181495	0.0430504	0.0524974	0.0296951	0.00624436	-0.00697085	-0.0543707
M	-0.0618484	0.00171194	-0.0219642	-0.00477598	-0.0981252	0.0671141	-0.0569821	0.0038561	-0.00765886	-0.0142247
N	0.021173	0.0054344	0.00597441	-0.0760357	0.0227755	-0.021377	0.0297652	-0.00728259	-0.00089291	0.00132713
P	0.231493	-0.00243709	0.0416627	0.0652385	0.131376	0.0669138	0.233373	0.00545115	0.00674027	0.0708657
Q	0.0836268	0.011245	0.0205243	0.0745283	-0.026682	0.322914	0.0262414	0.000674908	0.00759872	0.0304549
R	0.125772	-0.00194179	0.0109054	-0.11042	-0.0946527	0.340612	0.17124	0.0192517	0.000393639	0.0100553
S	0.101426	-0.00524295	-0.00344411	0.152012	-0.287188	-0.187465	-0.213099	-0.00442281	0.00596546	0.0693805
T	0.0414264	3.147e-05	0.00387995	0.100719	-0.0276613	-0.0449355	-0.113069	-0.00592987	0.00517895	0.0730085
V	0.0127771	-0.000370032	-0.0120837	0.0309129	0.00708955	-0.322694	0.0339942	-0.00177075	-0.00377048	0.0781063
W	-0.0773648	-0.000181889	5.62284e-05	-0.00975066	0.0905989	-0.0849766	0.0193073	-0.00651153	-0.00555967	-0.0543022
Y	-0.278763	0.00164046	-0.0275983	-0.217582	0.089752	-0.179776	-0.0986102	-0.0114799	-0.0168031	-0.0881433


4.63455
