NumCols:	8
A	0.108439	0.331387	0.0792595	0.0214559	0.0347691	0.0708049	0.10952	0.0251622
C	-0.83918	0.0809878	-0.209555	-0.00877648	0.124925	0.136441	0.0600669	-0.0122843
D	0.787172	0.280058	0.265062	0.0166946	0.216931	0.144241	0.0236418	0.392891
E	0.460983	0.130342	0.188848	0.00550668	0.113303	0.153571	0.0153472	0.0968326
F	-0.112645	0.501844	-0.375907	-0.00087961	-0.358271	-0.0291228	0.0256141	-0.365089
G	0.120915	0.185082	-0.047916	0.0346311	0.328304	0.24677	0.0289445	0.0951888
H	-0.466873	-0.265345	0.0690589	0.00773688	0.112271	-0.0903432	-0.056356	0.205146
I	-0.144919	0.238534	-0.0589537	-0.0109355	-0.197131	-0.261862	0.137785	-0.252235
K	-0.46864	-0.370172	0.457741	-0.00749578	-0.124554	0.169952	-0.0279591	0.110835
L	-0.100412	0.00739171	-0.199137	-0.00700566	-0.531753	-0.114843	0.0412314	-0.692907
M	0.0963436	-0.257123	-0.198688	-0.0216167	-0.291751	-0.245746	0.037605	-0.30865
N	-0.0233488	0.118196	-0.243764	-0.0194173	0.208188	0.068665	-0.0950572	0.104384
P	0.8769	-0.0276381	0.378914	0.00468186	0.268627	0.12507	-0.232357	0.38896
Q	-0.00946967	-0.551124	-0.167626	0.0100686	-0.0823495	-0.128686	-0.0966312	0.0144144
R	-1.09905	-1.29906	0.0778581	-0.0184605	-0.117364	-0.227021	-0.0867666	0.269791
S	-0.186452	0.0696297	0.204274	0.00779643	0.252102	-0.122409	0.0169542	0.155053
T	0.400879	0.285653	0.117197	0.00755037	0.123459	-0.0429002	0.0383101	0.0316901
V	0.27646	0.310982	0.0819033	0.018701	0.0464451	-0.0265511	0.0831804	-0.117254
W	-0.0314869	-0.033187	-0.284255	-0.0441496	0.0213391	-0.0699285	-0.0196316	-0.082697
Y	0.354387	0.263557	-0.134312	0.0039136	-0.147491	0.243899	-0.00344176	-0.0592325


4.94309
