NumCols:	10
A	0.25924	-0.0615694	-0.0551276	0.129109	-0.0870252	-0.0126115	0.108233	0.0253613	0.107663	0.403225
C	0.0207265	0.00945542	0.0119423	-0.245663	-0.0144257	-0.0170139	-0.0134697	0.00587494	0.0193524	-0.332329
D	0.514149	-0.003507	0.0391307	-0.101498	0.0299523	-0.0108629	0.0798781	0.0170202	0.325527	-0.0423632
E	0.194961	-0.0344062	0.0102904	-0.21517	-0.183956	-0.0170194	-0.00111674	0.0108836	0.362912	0.0904707
F	-0.797724	0.118666	-0.0341031	-0.0064066	-0.0585506	0.0191526	-0.0840354	0.021425	0.163342	-1.01718
G	0.273786	0.0580948	0.0330157	-0.129863	-0.0565621	-0.0105045	0.11602	0.0127298	-0.157472	0.274819
H	0.00979042	0.0813316	0.0524362	0.150316	0.262641	0.00744287	-0.0248554	-0.0133646	0.0615796	0.117901
I	-0.217542	-0.0300141	-0.141017	-0.233486	0.107325	0.00561669	0.0248422	0.0140762	-0.459614	-0.40097
K	0.116413	-1.59659e-05	0.0428332	0.355638	0.271189	0.0343152	0.118335	-0.0141183	0.0621688	0.535481
L	-0.232304	0.0410933	-0.084532	-0.02231	-0.209386	-0.00807512	-0.246719	-0.0217749	0.0804103	-0.690529
M	-0.609105	0.096217	-0.0798637	-0.0438069	-0.116339	-0.00975754	-0.0629268	-0.0235687	-0.0122494	-0.471133
N	0.0923756	0.0500222	0.0398425	0.19578	-0.0873406	-0.0528665	-0.000674222	-0.00971438	0.164635	0.381648
P	0.415088	-0.474828	0.0992459	0.206756	-0.0747825	-0.00132701	0.152075	0.0201006	0.0831638	0.831412
Q	-0.0745397	-0.0643444	0.013809	-0.027546	-0.412703	-0.0183429	0.0228578	-0.0297682	-0.0596533	0.429258
R	0.0771021	-0.0533298	0.0543979	0.631899	0.246155	0.0323316	0.237535	-0.0382889	0.0199374	0.630026
S	-0.0151825	0.113443	0.0444448	0.0229901	0.0370738	-0.00566481	-0.0933938	0.00296878	-0.233989	0.370263
T	0.233361	0.0678595	0.0120464	-0.0951726	0.0509482	0.0132721	-0.0876408	0.00832078	-0.153503	0.0484798
V	0.276743	-0.0527089	-0.0974111	-0.146415	0.0851457	0.00904415	-0.14385	0.00654938	-0.263042	-0.0534952
W	-0.248567	0.045682	0.0191523	-0.228531	0.0335002	0.0176431	-0.167111	-0.00149381	-0.41491	-0.773184
Y	-0.288771	0.0928593	0.0194677	-0.19662	0.177142	0.0252278	0.0660164	0.00678133	0.303742	-0.331792


4.64779
