NumCols:	10
A	-0.703682	-0.18257	0.228897	0.221581	0.000284719	-0.177875	-0.163661	0.187071	-0.124423	0.171161
C	0.112436	-0.24451	-0.189585	0.0217142	0.0186618	0.0283001	-0.339363	-0.0400345	-0.0948844	0.0238232
D	0.951816	0.400014	0.0222394	0.00298281	0.0445112	0.0569771	0.193647	-0.0106395	0.085816	0.22713
E	0.912375	-1.23204	0.0211831	0.0322671	0.0216147	-0.0665833	0.345935	0.00859858	0.141019	0.0644313
F	-0.606195	-0.17488	-0.568459	0.0864138	-0.0707743	-0.0605438	0.0920828	-0.140457	-0.23141	-0.495245
G	0.0953965	-0.0299011	0.25729	0.0541695	0.0797033	-0.0673946	-0.0898174	0.0557289	-0.164614	0.155267
H	-0.392076	0.255579	-0.00110821	-0.0436835	-0.0565658	0.144771	0.58487	0.0903122	-0.0513227	0.416551
I	0.203117	-0.0138742	-0.367728	0.0861344	-0.0754093	-0.195752	-0.773704	-0.132405	-0.0429957	-1.60044
K	-0.405947	0.381591	0.332932	0.00517799	0.118891	0.179031	0.566291	0.186112	-0.142869	0.0780702
L	0.218905	-0.238268	-0.350145	0.0699734	-0.110459	-0.0360144	0.234462	0.0392107	0.0425836	-0.76608
M	-0.367403	0.407166	-0.445208	-0.126842	-0.0786699	-0.0154187	-0.332981	-0.0617929	-0.0670607	-0.798771
N	0.305543	0.147165	0.0904827	-0.036963	0.0228317	0.099835	-0.13337	0.0922939	0.127454	0.231672
P	1.30265	-0.195767	0.276705	-0.0513025	0.0510441	-0.050942	-0.218527	-0.0499138	0.217334	0.275642
Q	0.430699	-0.328692	0.210551	-0.038598	0.0248565	-0.000898244	-0.132389	0.000472462	0.268474	0.302798
R	-0.868308	0.376452	-0.0420461	-0.206576	0.182434	0.2045	0.219327	0.154067	0.0662551	0.435919
S	-0.369277	0.339406	0.225991	-0.0105282	0.00263971	-0.0229021	0.0831651	-0.0255537	-0.0748777	0.51819
T	0.0120861	0.189749	0.533215	0.0539547	-0.0591134	-0.0690531	-0.0696836	0.024571	0.00575267	0.659507
V	-0.0141372	-0.0767746	0.217419	0.0893109	-0.0999914	-0.0933324	-0.348215	0.079734	0.0366628	-0.506969
W	-0.374064	0.175997	-0.260579	-0.0690487	-0.0433944	0.106589	0.252047	-0.34597	-1.37509e-05	0.0792389
Y	-0.443936	0.0441611	-0.192048	-0.140138	0.0269057	0.0367065	0.029884	-0.111405	0.00311854	0.5281


4.08018
