NumCols:	10
A	-0.646007	0.0429643	-0.271912	0.0449034	-0.0130137	0.00194024	-0.0610977	-0.142175	0.240947	0.668276
C	0.0191727	0.153564	0.18003	0.0450508	0.0123723	-0.00351978	0.0779189	0.0247188	0.196083	0.412472
D	0.747961	0.0121227	0.405307	0.0664677	0.0236599	-0.000820284	0.100204	0.428383	0.244446	0.390884
E	1.19649	0.109208	0.257088	0.0321815	0.0342999	-0.00108859	0.0840831	0.22366	0.172235	0.220731
F	-0.642543	0.456297	-0.124053	-0.129951	-0.00384095	-0.00373926	0.125597	-0.427578	-0.307207	-0.777086
G	-0.254524	0.0364199	-0.0252874	0.0619912	-0.00333152	0.0002356	0.0588095	-0.204309	0.0945572	0.030053
H	-0.0879653	-0.0444491	-0.0714628	0.124099	-0.0132089	0.000248866	0.0438071	0.215397	0.0581454	-0.449741
I	-0.113007	0.256978	-0.0783606	-0.0294386	0.0086378	-0.00395049	0.0636517	-0.519261	-0.313274	0.216518
K	-0.638906	0.0539521	-0.0107907	0.0149185	-0.0289033	0.0063992	0.178885	0.306114	-0.1157	-0.397011
L	-0.273609	0.440532	-0.0256062	-0.0544685	0.00701718	0.00146271	-0.0686197	-0.28565	-0.202482	-0.35786
M	-0.243597	0.370195	-0.184195	0.048067	-0.00624247	-0.000354415	-0.0624922	-0.189153	-0.176481	-0.980124
N	0.857159	0.0403005	0.267	-1.05615e-05	0.00727906	-0.00104569	-0.0555296	0.093132	0.11611	-0.13156
P	1.13566	0.276258	0.649937	0.0386908	0.00269531	-0.00259254	-0.150554	0.119677	0.282965	0.874497
Q	0.543668	-0.106328	-0.0298313	0.061508	-0.00112623	0.00246087	-0.166312	0.209736	0.102742	0.135843
R	-0.783848	0.0387711	-0.364605	-0.0742062	-0.0438254	0.00512631	0.167614	0.479385	0.00303083	-0.522003
S	-0.0370093	-0.721584	-0.405319	-0.0212929	-0.0158077	0.000280961	-0.253562	-0.195618	-0.0713118	-0.20147
T	-0.0259329	-0.98212	-0.313078	0.00408681	0.000902326	0.00188594	-0.176749	-0.109593	-0.0128996	0.641931
V	-0.134858	-0.478124	-0.111287	-0.0798428	0.00567779	0.000295421	-0.0773695	-0.271935	-0.147026	0.101689
W	-0.055505	-0.0548471	0.300064	-0.0420847	0.0121031	-0.00315846	0.0652127	0.0143037	-0.0390909	0.753411
Y	-0.5628	0.0998909	-0.0436366	-0.110669	0.0146555	-6.65969e-05	0.106504	0.230765	-0.125788	-0.629449


3.71266
