NumCols:	9
A	-0.160966	0.377543	0.0200913	-0.0267346	-0.0535946	0.103538	0.109432	0.0305788	0.150871
C	0.0594153	0.228646	0.19054	0.00389808	0.136892	-0.0508909	0.0289317	0.0133172	0.166879
D	0.587817	0.534165	0.603185	0.0466935	0.273061	0.350604	0.0483625	0.0141976	0.292079
E	0.558902	0.292827	0.0929605	0.0542939	0.435405	0.353199	0.0363827	-0.00786911	0.191281
F	-0.107725	0.283814	-0.00916325	0.00779895	-0.323516	-0.264887	-0.0364422	-0.0254269	-0.350165
G	-0.190436	0.317587	0.494538	0.0268551	0.0437125	0.118144	0.0600809	0.0103205	0.272071
H	-0.274004	-0.205845	0.418231	-0.0314049	0.113991	-0.0446872	-0.0355363	0.0172389	-0.127914
I	0.0904444	0.0709188	-0.200295	0.0170371	-0.0472828	-0.26778	-0.0575541	-0.0251827	-0.280927
K	-0.841178	-0.0358961	0.0937732	-0.0476772	0.0406604	0.0100628	0.0966195	0.0215627	-0.0647474
L	0.230903	-0.112769	-0.0633437	0.0541895	-0.130023	-0.00870229	-0.157219	-0.072579	-0.883364
M	-0.0729656	-0.320798	-0.189361	0.0220413	-0.277003	0.00456435	-0.0418931	-0.0303165	-0.386393
N	0.23889	-0.112546	0.0268868	0.00417232	0.243448	-0.0636456	-0.0118716	0.0110394	-0.00447917
P	0.647903	0.120154	0.217493	0.0125938	0.219398	-0.060384	0.0479677	0.0314073	0.467955
Q	0.177962	-0.580892	-0.684851	0.0127932	0.0997572	0.192912	0.0164808	0.00133904	0.150927
R	-1.03993	-1.26386	-0.486016	-0.0764969	-0.200643	-0.184971	0.0202829	0.0154741	0.0556796
S	-0.210816	-0.18321	0.134574	-0.0298927	0.134898	0.148223	0.0129983	0.0172891	0.187943
T	0.135819	0.121717	0.121292	-0.0332309	-0.0814315	-0.0542065	-0.0305803	-0.00677295	0.11291
V	0.309966	0.203179	0.313691	0.000445759	-0.162881	-0.0702148	-0.0754959	-0.0182229	-0.160838
W	-0.0314511	0.00328209	-0.587826	-0.0114563	-0.179093	-0.130694	-0.0270083	-0.00936305	0.225502
Y	-0.108553	0.261986	-0.506401	-0.00591899	-0.285756	-0.0801836	-0.00393741	0.0119684	-0.0152687


4.75368
