NumCols:	11
A	0.0808213	0.0561168	0.0591925	0.0168918	-0.0334399	-0.0320788	-0.117455	0.00675369	0.131336	-0.0384879	0.0472493
C	-0.0636329	0.0017523	-0.00809768	0.00294841	0.0260639	-0.175868	0.0139644	-0.0124199	0.00775938	0.0536739	-0.00163218
D	0.0502167	0.0617219	0.0466873	0.0214811	0.0318371	0.0316511	-0.0235668	0.0260743	0.0506862	0.0373096	0.0592391
E	0.0898115	0.0953033	0.0524221	0.0165381	0.031265	-0.0196841	-0.0128736	-0.0725955	-0.107935	-0.00217969	-0.0237422
F	-0.207075	-0.125794	-0.140469	-0.0282914	0.0413728	-0.270881	-0.0151077	-0.0795941	-0.108245	-0.000237473	-0.155469
G	-0.141553	0.0698095	0.11446	0.0132548	-0.0743721	0.0011065	0.0479787	-0.0131024	0.132524	-0.0835792	0.0226958
H	0.0402097	-0.0374628	0.0354289	-0.00084768	0.0277735	0.0950779	0.0185535	0.0568678	0.0276037	0.099739	0.0243896
I	0.00860339	-0.0237004	-0.0921956	-0.0295032	-0.0408705	-0.304921	-0.019198	-0.142201	-0.00246046	0.0902528	-0.36771
K	0.122669	-0.0387677	0.0715539	0.000323431	0.0471922	0.205387	0.0260913	0.0627424	0.317836	0.139898	-0.0595017
L	0.0127446	-0.120648	-0.104769	-0.024944	0.00577462	-0.0602311	-0.0975911	-0.0585823	0.047682	-0.0699723	-0.298477
M	0.0357713	-0.153086	-0.0733985	-0.0185219	0.016539	-0.0105884	-0.0426987	-0.0606543	0.0073437	-0.0484393	-0.0519268
N	-0.083997	0.0218274	0.0385467	0.0117458	-0.00510194	0.108308	0.0246453	0.0294812	0.123365	-0.124462	0.077169
P	0.191606	0.1184	0.104158	0.0388279	0.0232211	-0.0151892	0.0772725	0.0901267	0.172298	0.0506724	0.126549
Q	0.144065	0.0647283	0.0215669	0.0125196	0.0304414	0.189015	0.0146024	-0.00152341	-0.0446726	-0.198472	0.0543451
R	0.051435	-0.0416188	0.0164299	-0.00150614	-0.0250678	0.261258	0.0359523	0.0547612	0.0289235	0.121705	0.0301196
S	-0.00867244	0.0904673	0.114755	0.0106806	-0.072353	0.118524	0.0160575	0.0586726	-0.385322	-0.0966936	0.16114
T	-0.005898	0.150201	0.0323423	0.0033334	-0.106071	0.0415917	-0.0154656	0.0571901	-0.329743	-0.0852158	0.188013
V	-0.0126853	0.0608756	-0.0558697	-0.0106454	-0.0569325	-0.0680246	-0.00843897	-0.0333616	-0.0299033	0.0464914	0.1429
W	-0.1349	-0.147495	-0.155365	-0.0103887	0.0558116	-0.0932895	0.0839141	0.0305397	-0.163785	0.0456487	0.112937
Y	-0.169541	-0.102631	-0.0773788	-0.0238965	0.0769161	-0.00116331	-0.0066361	0.000824333	0.124709	0.062348	-0.0882874


4.71736
