NumCols:	9
A	0.0871009	-1.05822	0.11353	0.130394	0.111797	-0.147809	-0.0616127	-0.137101	0.143193
C	-0.177022	-0.0570576	0.10027	0.0175135	-0.131412	0.00534733	-0.0151726	-0.0360625	-0.512005
D	0.23598	0.242705	-0.0546541	-0.091233	-0.0934597	0.0763647	0.178868	-0.127509	0.804027
E	-0.00175562	0.040806	-0.188028	-0.0442859	0.0893828	0.0611427	-0.0028467	-0.15031	0.74158
F	-0.899737	0.483076	-0.379876	-0.110743	-0.221553	-0.385102	-0.347763	0.136278	-1.54273
G	0.0792056	0.0620017	0.120056	0.127776	-0.083361	0.153594	0.195827	0.317661	0.27033
H	-0.0317277	0.634283	0.245554	-0.0331723	-0.0204852	0.0587132	-0.152909	-0.0914839	0.514849
I	-0.366931	-0.420361	-0.116573	0.0843332	-0.00852309	-0.311925	-0.105339	0.199064	-1.0951
K	0.215908	-0.0988047	0.690971	0.123693	0.158426	0.447832	0.318509	0.191754	0.493348
L	-0.345293	0.0149364	-0.262979	0.147383	0.0423001	0.044257	-0.190521	-0.0347423	-0.647085
M	-0.491201	0.40746	-0.329301	-0.140267	-0.120511	-0.171181	-0.265163	-0.0750511	-0.640901
N	0.0573802	0.252663	-0.417995	0.0268507	-0.136606	0.00491572	0.189955	-0.164334	0.605525
P	0.932226	-1.81757	0.766199	-0.0146984	0.00497802	0.621321	0.0157744	0.052596	1.53127
Q	0.336591	-0.01472	-0.0751645	-0.0251831	0.216523	0.276427	0.0485331	-0.0272918	0.710501
R	0.38029	0.414262	0.988837	-0.136989	0.385362	0.280032	0.14879	0.323311	0.872211
S	0.0780419	0.0770062	-0.213721	-0.115263	0.0780311	-0.163662	0.147715	-0.102723	0.935924
T	0.170207	-0.129637	-0.0327937	0.0817526	0.0360797	-0.0918787	0.104177	-0.33158	0.682084
V	0.269963	-0.395372	-0.261702	0.101223	-0.0201612	-0.388	-0.21353	-0.230484	-0.361119
W	-0.246962	0.631894	-0.336069	-0.0466146	-0.216647	-0.032644	-0.191766	0.134071	-2.25825
Y	-0.282264	0.730655	-0.356559	-0.0824692	-0.0701624	-0.337744	0.198475	0.153935	-1.24766


5.64235
