NumCols:	9
A	0.0500705	-0.43016	0.0340031	0.0136843	-0.0207075	0.010997	0.272856	0.0197842	-0.259573
C	-0.0391496	-0.319639	-0.014449	0.0042051	-0.00636329	-0.0023087	-0.177881	0.00607957	-0.0989617
D	-0.0248824	0.187878	0.00355859	0.00433995	-0.00656735	-0.00206936	-0.144277	0.00627453	0.70672
E	-0.0349113	0.702825	-0.0132951	0.00854947	-0.0129373	-0.00325791	-0.533449	0.0123605	0.435421
F	-0.108497	-0.823676	-0.0635227	0.00631939	-0.0095627	-0.00920374	-1.20274	0.00913633	-1.28625
G	0.0055257	0.106894	0.00258488	-0.000116504	0.000176297	-0.00264299	0.104	-0.000168437	0.137248
H	0.0290741	0.627513	0.0161964	-0.0237418	0.0359269	-0.0149099	0.076771	-0.034325	0.0160701
I	-0.0163829	-0.610932	-0.0289902	0.0207772	-0.0314407	0.0292174	0.60726	0.0300389	0.35338
K	0.221306	1.23508	0.089225	-0.0478489	0.0724065	0.000517094	0.948871	-0.0691781	-0.039821
L	-0.00732256	-0.462379	-0.0375601	0.010422	-0.0157709	0.00635546	-0.955029	0.0150677	0.208329
M	-0.0201551	-0.607215	-0.0251632	0.000794396	-0.00120211	-0.0014275	-0.272388	0.00114851	-0.212663
N	-0.0211388	0.205145	-0.0272165	-0.00224233	0.00339317	-0.0155013	0.0962938	-0.00324188	0.450506
P	0.0343732	0.663931	0.0169959	0.00947468	-0.0143374	0.0290511	0.211076	0.0136981	0.58978
Q	0.0136682	0.311738	-0.00101446	-0.000869071	0.00131511	-0.00276156	-0.064341	-0.00125647	0.436313
R	0.160575	1.61999	0.0795892	-0.0457437	0.0692209	-0.00609824	0.770383	-0.0661345	-0.196597
S	0.0469253	-0.0855344	0.0208273	-0.00207519	0.00314024	-0.0115537	0.588411	-0.00300022	0.397864
T	0.0113814	-0.161655	0.010534	0.0118899	-0.0179922	-0.00235278	0.284176	0.01719	0.747446
V	-0.000128708	-0.658312	-0.00913579	0.0332933	-0.0503805	0.0151113	0.0823526	0.0481342	0.485767
W	-0.107537	-0.77358	-0.034283	0.00429754	-0.00650318	-0.00698061	-0.273731	0.00621322	-0.321047
Y	-0.192795	-0.727916	-0.0188842	-0.00540968	0.00818611	-0.0101811	-0.418618	-0.00782111	-2.54994


4.50615
