NumCols:	10
A	-0.217099	-0.444084	-0.319986	-0.0882215	-0.447222	-0.0396453	0.0524573	0.000192188	-0.0335641	0.801555
C	0.301604	0.483577	-0.108779	-0.0259504	-0.0355768	0.07756	-0.0248462	0.0496883	0.0454813	-0.338998
D	0.573528	0.0757078	0.0371146	0.0300381	0.221758	0.238407	0.123347	0.0776578	0.391415	0.339049
E	0.41788	0.386601	-0.0193804	-0.00887709	0.204798	0.228627	0.0620126	0.0865387	0.368424	0.0915739
F	-0.696415	0.664904	0.153417	-0.0539656	-0.0514211	-0.325314	-0.0728822	-0.208346	-0.195205	-0.981657
G	0.223984	-0.149898	0.0931413	-0.0254215	-0.0901194	0.163232	-0.0781033	0.00922258	-0.0574343	0.517258
H	0.0124834	0.270619	0.183513	0.0870709	0.0347509	-0.0753378	0.0203631	-0.0860766	-0.199015	-0.315845
I	-0.31672	0.148779	0.00419119	-0.0681979	-0.035852	-0.262658	-0.406435	-0.00921924	-0.136975	0.0367111
K	-0.0416205	0.962912	0.306289	0.0969171	0.187292	0.190743	0.13008	-0.0934964	-0.127025	0.748412
L	-0.315767	0.0112099	0.186627	-0.0135256	-0.0388143	-0.236909	0.0324073	-0.0562045	-0.385849	-0.688419
M	-0.1039	-0.195786	0.374228	0.00749412	-0.147747	-0.205493	-0.0867909	-0.0705994	-0.368769	-0.417689
N	0.413611	0.0681613	0.187711	0.0476332	0.290055	0.0637106	-0.0572632	0.017454	0.0814479	-0.396027
P	0.525419	-0.0614111	-1.29973	-0.113553	-0.492984	0.274469	0.00818447	0.0779446	0.668503	-1.1283
Q	0.290513	-0.136975	0.0207871	0.00522305	0.197178	0.0705823	0.0888825	0.148845	-0.0117351	0.369626
R	-0.00874042	0.750782	0.310399	0.109813	0.238022	0.221685	0.256034	0.0121798	-0.0918632	0.3664
S	0.00336491	-1.10429	0.0424006	0.0126373	-0.0730977	-0.0362517	-0.0928093	0.0640299	0.0093097	-1.00941
T	-0.154769	-1.2274	-0.269644	0.0102597	0.0787479	-0.102388	-0.109161	0.0443375	0.106345	0.844594
V	-0.119941	-0.430836	-0.139998	-0.0492761	0.0601363	-0.195744	-0.154002	0.0305985	0.0944295	0.0994101
W	-0.214955	0.074367	0.0622831	0.00986205	0.0499632	0.033018	0.088619	0.0458098	0.196596	0.574494
Y	-0.572461	-0.146938	0.19541	0.0300401	-0.149866	-0.0822927	0.219904	-0.140556	-0.354517	0.487258


4.78935
