NumCols:	11
A	0.0303903	0.26064	0.236167	0.105429	0.148746	0.0406078	0.0366129	0.164171	-0.0397279	-0.282083	0.11102
C	-0.269888	0.113231	-0.125649	0.0280296	0.00694337	-0.330951	0.0516363	0.12156	-0.0863042	0.0331665	0.146998
D	0.963944	0.170773	0.43343	0.0676154	0.0901506	-0.17011	0.135126	0.0967661	0.537263	0.400258	0.437659
E	-0.177751	0.252474	0.131194	0.120857	0.013758	0.0456637	-0.0176673	0.240083	0.499113	0.169603	0.266619
F	-0.499257	0.102697	-0.0985684	-0.013242	-0.0937378	-0.114972	-0.0922789	0.259413	-0.266469	0.0197934	-0.653353
G	-0.0182694	0.165024	0.355755	0.115811	0.110743	-0.00542983	0.0282081	-0.056009	-0.368929	0.0106669	0.284551
H	-0.0735293	-0.492231	0.0807546	-0.054775	-0.0450818	0.133204	-0.0846492	-0.0217245	-0.101402	0.0540394	0.130443
I	0.316263	0.394195	0.00331594	-0.146948	-0.129984	-0.300548	-0.151775	0.138845	0.00979259	0.0976483	-0.702955
K	-0.341888	-0.333938	0.244611	-0.0724186	-0.0356235	0.132075	0.15102	-0.115505	-0.150821	-0.0429356	-0.0636837
L	-0.358022	0.0923823	-0.0208042	-0.0365949	-0.079997	-0.0691402	-0.434267	-0.404203	-0.316828	-0.24781	-0.785515
M	-0.316198	-0.0661248	-0.152502	-0.112806	-0.0376368	-0.155558	-0.189178	-0.11501	0.0326069	0.226913	-0.289147
N	0.0864349	0.116038	-0.0253348	0.0102653	0.130444	0.0336128	-0.0848521	-0.0914405	0.178638	0.00911938	0.453507
P	0.784142	0.523129	0.0840851	0.172217	0.0300312	0.623678	-0.125321	-0.0998727	-0.351649	0.461964	0.495205
Q	-0.0829588	-0.213583	-0.406091	0.0303635	0.0231017	-0.0495356	-0.045177	-0.125434	0.26609	-0.0342944	0.353031
R	-0.859242	-1.20647	-0.222104	-0.254004	-0.167838	-0.184909	0.0266933	0.0185379	0.14568	-0.104522	0.0098651
S	0.0844009	-0.0878577	0.252184	0.0616404	0.111541	0.318267	0.146084	0.0413688	0.219286	-0.0815446	0.142905
T	0.606402	0.0840966	0.14215	0.110752	0.104167	0.0566447	0.170532	-0.0694211	0.0927505	-0.291807	0.174724
V	0.112356	0.233543	0.110303	0.0895101	-0.00140975	-0.0694135	0.128725	-0.0343159	-0.228789	-0.374459	-0.377039
W	0.00557047	-0.0455251	-0.528481	-0.104242	-0.0411597	-0.20362	0.256289	-0.123924	-0.0584852	-0.0909146	-0.0315749
Y	0.00710058	-0.0624938	-0.494415	-0.11746	-0.137158	0.270434	0.0942398	0.176115	-0.0118146	0.0671983	-0.103259


4.89127
