NumCols:	8
A	0.0979837	-0.272164	-0.197479	0.00140676	-0.332607	0.0625958	-0.310508	0.52364
C	0.0413016	-0.129798	0.102445	-0.0245997	-0.315291	0.0106153	0.0597566	0.35214
D	0.621169	-0.366423	0.10029	0.0875585	0.407417	0.0404945	0.249662	0.074109
E	0.681555	-0.344396	0.137112	0.464216	0.575885	0.0679174	-0.141136	0.0966969
F	-0.516069	0.25077	0.0172032	0.222198	-0.0346134	0.0471727	0.0249286	-0.732724
G	0.140941	0.0887934	0.0343295	-0.107881	-0.257605	-0.00413821	0.310334	0.142451
H	-0.402094	0.312294	-0.171771	-0.290633	0.195363	-0.0553403	0.0406699	-0.107215
I	0.011162	0.0172898	0.0250241	0.0924188	-0.183314	0.0500026	-0.362917	0.113086
K	-0.168803	1.62139	-0.247826	-0.291505	0.745091	-0.0691348	0.374123	0.590287
L	-0.0801825	0.175876	0.0984308	0.0764709	-0.0347051	0.0151858	-0.540063	-0.0960586
M	-0.306551	0.0698973	-0.0202356	-0.0374984	-0.257791	-0.0317217	-0.324318	-0.734296
N	0.251443	-0.374133	0.18862	-0.0354252	0.181809	-0.0718216	0.188718	-0.129221
P	0.872529	-0.202317	0.538747	0.19508	-0.20355	0.0146536	0.307782	0.558239
Q	0.310587	-0.434585	0.109282	0.213791	-0.359084	-0.00935886	-0.108691	0.0424869
R	-0.903148	1.14885	-0.347828	-0.0719571	-0.118702	-0.0777685	0.198471	0.164007
S	0.111935	-0.871243	-0.202547	-0.0557898	-0.362976	-0.0342977	-0.182165	0.17342
T	-0.051444	-0.884741	-0.237271	0.0122348	-0.306384	-0.00398034	-0.0588903	0.192857
V	0.194775	0.020551	-0.0206352	-0.0796682	0.135516	0.0334517	-0.163943	0.136505
W	-0.315971	-0.110167	0.0978004	-0.387606	0.0665775	-0.0155901	0.320535	-0.482398
Y	-0.591119	0.284252	-0.00369269	0.0171889	0.458967	0.0310625	0.117651	-0.87801


4.09812
