NumCols:	8
A	0.0807015	0.387233	-0.0821889	-0.0418334	-0.0492596	-0.00674078	0.0587623	-0.0518733
C	0.000823471	0.229865	-0.271911	-0.0156186	0.0639736	0.0327778	0.0519261	0.0222559
D	0.400763	0.270161	0.435824	-0.0381426	0.140139	0.107331	-0.0455633	0.210688
E	0.512885	0.174837	0.255915	-0.0179782	0.095525	0.140193	-0.0215893	0.0517176
F	-0.0198085	0.393247	-0.289192	0.0376135	-0.356198	-0.0916482	0.0499347	-0.0327151
G	0.103768	0.195685	0.00181481	0.0280441	0.271788	0.214014	0.0803982	-0.0401803
H	-0.467687	-0.325544	0.0901058	-0.00834388	0.132005	-0.0205912	-0.0368162	0.173798
I	0.0279373	0.340626	-0.280495	0.0477104	-0.343323	-0.26745	0.122706	-0.221692
K	-1.09182	-0.448706	0.253057	-0.0525187	-0.0356313	0.017129	-0.0231795	0.096758
L	0.230456	0.0254157	0.00547302	0.0836937	-0.358434	-0.128787	-0.0127037	-0.535355
M	-0.107726	-0.124718	-0.0363328	0.0560333	-0.224897	-0.0895457	0.0300977	-0.180196
N	0.238331	0.109478	-0.0490426	0.0625838	0.106006	0.0693661	-0.0390543	0.137278
P	0.871285	-0.116134	0.647908	-0.0291341	0.293575	-0.00963991	-0.204332	0.370484
Q	0.307834	-0.49253	-0.274001	-0.0258024	0.112549	0.0810058	-0.0534388	-0.0746628
R	-1.31448	-1.52017	-0.141064	-0.122171	-0.0468512	-0.044035	-0.0845698	0.207284
S	-0.0702633	0.0545507	0.309181	-0.0093422	0.279835	0.129381	0.0298499	-4.16738e-05
T	0.162075	0.246219	0.187325	-0.0190885	0.133338	0.0112855	0.0214528	-0.111933
V	0.199396	0.331693	0.123228	0.0477051	-0.144246	-0.157475	0.0376649	-0.160616
W	-0.119821	-0.00577409	-0.612993	0.0176561	0.00586378	-0.11888	0.0136568	0.0495655
Y	0.055354	0.274568	-0.272612	-0.00106655	-0.0757576	0.13231	0.024798	0.0894365


4.9046
