NumCols:	8
A	-0.0516972	-0.764224	-0.435457	-0.140684	-0.622555	-0.0288054	-0.0698428	0.448896
C	0.0704079	0.703596	0.36818	0.0870488	-0.183339	-0.236221	0.132123	0.0437624
D	1.14005	0.392474	-0.0952625	0.140751	0.606297	0.373964	0.244105	0.185925
E	0.725669	0.878416	0.0363409	-0.0148272	0.690003	0.202147	0.124601	0.0535922
F	-0.594047	0.814219	0.483104	0.04699	-0.296257	-0.418304	-0.401974	-0.992315
G	0.202012	-0.151525	0.198713	0.163248	-0.594581	0.412311	0.282886	0.201164
H	-0.0622137	0.529085	0.296375	0.130723	0.14844	-0.343801	0.0375524	0.300287
I	-0.430647	0.165297	-0.0289438	-0.262908	-0.49578	-0.103594	-0.281736	-0.978077
K	-0.172343	0.813529	-0.00484357	0.111718	0.523321	0.441114	0.239391	0.246552
L	-0.347502	0.243904	0.180735	-0.0487346	0.264726	-0.103698	-0.466241	-1.27996
M	-0.352038	0.0749425	0.23959	0.0733574	0.226419	-0.0692461	-0.346201	-1.16659
N	0.459675	0.573632	0.177063	0.0491795	0.052193	0.0588074	0.369468	0.355531
P	0.489105	-0.383774	-1.68809	-0.483863	-0.608376	0.105134	0.0936735	0.571952
Q	0.316434	0.221437	-0.179342	0.12617	0.394734	0.0773092	0.0712635	0.292197
R	-0.150575	0.239116	-0.0999491	0.11876	0.508089	0.12107	0.0867361	0.739539
S	0.0588785	-1.42305	0.16725	-0.0103811	-0.495278	0.243537	0.166436	0.786895
T	-0.119431	-1.66961	0.0121274	-0.0110022	-0.266917	0.102476	0.0432372	0.63517
V	-0.639106	-1.04446	-0.157619	-0.25568	0.0180727	-0.0944357	-0.161803	-0.538964
W	-0.117746	0.224138	0.374639	0.101152	0.13189	-0.249358	-0.0301906	0.0337996
Y	-0.424885	-0.437148	0.155388	0.0789821	-0.00110225	-0.490405	-0.133484	0.0606456


6.14325
