NumCols:	9
A	-0.0558887	-1.04008	-0.332957	-0.199524	-0.379225	-0.138518	-0.43495	0.147291	0.436595
C	0.10083	0.438465	0.135371	0.103829	0.0227925	-0.060654	0.17855	0.314607	-0.0125178
D	0.795906	1.42272	-0.0534879	-0.125541	0.460562	0.628957	0.436962	0.55074	0.613498
E	0.550459	1.03306	0.205949	-0.032903	0.0193468	0.634289	0.24932	0.323808	0.015681
F	-0.347936	0.272381	0.140339	0.142674	-0.471886	-0.723715	-0.473273	-0.485231	-1.19544
G	-0.0677151	-0.412887	0.384357	-0.0166703	0.202523	0.0230402	0.481574	0.274531	0.267685
H	0.282555	0.552469	0.212525	0.299364	-0.126066	-0.338935	-0.298235	0.155718	0.460677
I	-0.399894	-0.285911	0.0922026	-0.12583	-0.15188	-0.379471	-0.191199	-0.182759	-0.906274
K	-0.190561	1.48775	0.485848	0.051175	0.575342	0.60782	0.441135	0.146637	1.07425
L	-0.382835	-0.227027	0.627471	0.0419807	-0.125779	-0.183617	-0.13144	-0.632886	-1.30567
M	-0.0745388	-0.544779	0.259681	-0.068352	-0.0594075	-0.300935	0.210358	-0.24653	-1.23623
N	0.537311	0.181611	0.158376	0.145722	0.102133	0.0716732	-0.159859	0.0784262	0.466702
P	0.563652	-0.251652	-1.91082	-0.352012	-0.314413	0.360211	-0.164042	0.079978	0.614186
Q	0.0747017	0.526181	0.0658213	0.0505831	0.545416	0.336559	0.330911	0.0715993	0.0558375
R	-0.305954	1.54458	0.289981	0.205461	0.39969	0.190266	0.121227	0.201885	0.96712
S	-0.247264	-1.7218	-0.00946099	-0.241886	-0.191058	-0.121697	0.139666	0.0455166	0.0315427
T	-0.135544	-1.9846	-0.447572	-0.0799492	-0.150667	-0.165093	0.0431025	0.0221955	0.801531
V	-0.277125	-0.723448	-0.108467	0.0425984	-0.130077	-0.22506	0.0172069	-0.0860887	-0.689408
W	0.198941	-0.241263	-0.0941929	0.0480913	-0.0519552	-0.128755	-0.326944	-0.243329	-0.45306
Y	-0.6191	-0.0257881	-0.100965	0.111189	-0.175392	-0.0863648	-0.47007	-0.53611	-0.00670668


5.95516
