NumCols:	8
A	-0.124865	-0.0468785	0.0453795	-0.0762044	0.13237	0.0238796	0.0261877	0.336954
C	0.0292438	0.0274154	-0.0234409	-0.0069755	-0.0400141	-0.114939	0.0308586	0.0718703
D	0.182222	-0.448418	-0.0652927	0.0317688	-0.126315	0.0296434	0.0256833	0.0760744
E	0.0234529	0.320072	-0.0328679	0.00166135	-0.285278	-0.0434726	0.0370843	-0.00297039
F	-0.162516	0.0286768	-0.101325	-0.116807	0.0677042	-0.105308	0.03397	-0.0639523
G	-0.0292833	0.222199	0.00527509	0.0965147	0.0857941	0.086415	0.0345903	0.102867
H	0.1296	0.0745033	0.0363827	0.175831	-0.0391032	-0.201703	-0.0385311	0.122875
I	-0.123382	-0.402962	-0.0426299	-0.408811	0.0730384	-0.128617	0.029556	-0.734024
K	0.154903	-0.0394226	0.126726	0.110493	0.219183	0.185207	-0.0940174	0.00170848
L	-0.10381	0.0388465	-0.0586136	-0.277448	-0.0177398	-0.0555731	-0.0345124	-0.469576
M	0.00813413	0.0921445	-0.0403874	-0.137196	-0.0158242	-0.0609218	-0.0148783	-0.273497
N	0.0633483	-0.0255257	-0.0135723	0.165084	-0.0800564	-0.0347613	-0.0106832	0.04056
P	0.0122122	-0.164371	0.0588467	0.111795	0.198161	0.141959	0.0109858	0.141193
Q	-0.00634824	0.188985	0.0154037	0.162526	-0.0802947	0.0932848	-0.0177991	-0.0105752
R	0.190233	0.0215691	0.154033	0.268402	0.159023	0.16852	-0.0734079	0.205626
S	-0.0402754	0.0579837	0.0374189	0.122913	-0.0678629	0.153411	0.018585	0.172512
T	0.0105526	0.0824047	0.0184967	0.0493302	-0.107791	0.1046	0.00736049	0.151038
V	-0.188878	-0.0611229	-0.0141818	-0.305015	0.0539236	-0.0366425	0.0186729	-0.097094
W	0.0530197	-0.0412729	-0.0558922	-0.0105223	-0.0935062	-0.0761283	0.0266994	0.0512456
Y	-0.0775632	0.0751729	-0.0497578	0.0426602	-0.0354113	-0.128856	-0.0164045	0.177165


4.9663
