NumCols:	11
A	-0.572413	0.231512	-0.0336961	0.0654021	0.146612	0.0123268	0.0493238	0.00712814	0.23475	-0.00453164	-0.3597
C	0.0494649	-0.227182	0.000122893	-0.0458791	0.00536239	-0.0903808	-0.0255228	0.001486	0.125348	0.000219716	0.0118477
D	0.635954	0.00888404	0.0272599	-0.055063	0.0313421	0.26393	0.0329237	0.010866	0.24877	0.000574381	0.129141
E	0.379573	-0.874549	-0.00301241	-0.0890671	-0.00202646	0.230279	-0.00404989	0.00467464	0.0738093	-0.0024648	0.0331511
F	-0.483568	-0.220206	-0.0700262	-0.172685	-0.100722	-0.109225	-0.0405805	-0.00269138	-0.109325	0.00832954	0.028146
G	-0.451575	0.270878	0.0227935	-0.0332772	0.054947	0.0248072	0.111663	0.010153	0.325799	-0.00219465	0.0453041
H	-0.242034	-0.118142	0.0302063	0.117662	-0.0258769	-0.197028	-0.032038	0.0131462	0.0864329	-0.000847239	0.568358
I	0.190651	-0.0888335	-0.0575765	0.0483203	-0.107796	-0.153886	0.0297291	-0.0355365	-0.200551	0.011745	-1.507
K	-0.44624	0.0700515	0.0286704	0.107072	0.0346723	0.292386	0.0647742	0.00309506	0.152909	-0.00385525	0.102308
L	-0.186318	-0.142844	-0.0525105	-0.124026	-0.126405	-0.00155854	-0.149887	-0.015464	-0.3186	0.0060155	-0.36359
M	-0.0757213	-0.0184028	-0.0236913	-0.0879364	-0.0833181	-0.0702432	-0.0678771	-0.0114316	-0.183822	0.00569287	-0.0883435
N	0.165399	0.0443463	0.030257	0.0793779	-0.00249367	0.0666909	-0.0304776	0.00438472	-0.180207	0.00167465	0.352632
P	0.818089	0.09284	0.0163057	-0.084068	0.137882	0.214269	-0.011565	-0.00460314	0.190478	-0.00730574	-0.151432
Q	0.398848	0.101397	0.0342958	0.0533223	0.0404598	0.0280039	-0.0583744	0.00475583	-0.107155	-0.00764617	0.272062
R	-0.327497	0.105853	0.0336822	0.0804319	0.06746	-0.128274	0.0713285	0.00436802	0.230243	-0.00796237	0.46548
S	-0.0565719	0.379241	0.0518718	0.222919	0.0694826	-0.0122293	0.0787342	0.00735252	0.0544067	-0.00211848	0.215562
T	0.132348	0.235981	0.0264088	0.143551	0.0288768	-0.225708	0.048174	0.00556031	-0.129749	-0.0018733	0.13587
V	0.050197	0.0679872	-0.0550166	-0.0371849	-0.0106074	-0.00820464	0.0239132	-0.0112373	-0.306166	0.00616259	-0.750077
W	0.295885	-0.0290031	0.0056902	-0.146215	-0.0786799	-0.170899	-0.0247983	-0.000967933	-0.123258	0.00169197	0.256839
Y	-0.274471	0.110193	-0.0120349	-0.0426565	-0.0791705	0.0349438	-0.065393	0.00496139	-0.0641115	-0.00130663	0.603438


4.25459
