NumCols:	10
A	0.0792762	0.186778	0.282705	0.0274803	0.025289	0.205365	0.106035	-0.0702663	0.0439631	-0.0177097
C	0.0126557	0.273771	0.0290139	-0.00655217	-0.0102707	-0.00175522	-0.0260612	-0.0758384	-0.0181636	0.173103
D	0.315716	0.345512	0.212734	-0.0249332	0.0330005	0.310586	0.0189439	0.627167	0.0957493	0.440141
E	0.216272	0.0649224	0.175531	-0.0983032	-0.00792002	0.46461	0.0160587	0.538365	0.0596492	0.436592
F	-0.165026	0.424587	-0.0540038	0.0255947	-0.0894797	-0.36767	-0.187217	-0.432324	-0.168367	-0.489782
G	0.0601531	0.198199	0.186698	0.137263	0.070766	0.0373855	0.0261658	-0.224073	-0.0176908	0.200729
H	-0.179584	-0.044964	-0.0911053	0.00480067	0.0331227	-0.105099	-0.0236131	-0.0356644	-0.0295415	-0.0684443
I	-0.142115	0.115264	-0.179408	-0.0231406	0.0855125	-0.388199	-0.0883423	-0.351111	-0.104953	-0.487249
K	-0.430531	-0.376509	-0.100622	0.184239	-0.0764866	0.187664	0.0175226	0.420728	0.0306262	0.0333543
L	0.0319709	0.130608	-0.18216	-0.0324501	-0.113835	-0.0251033	-0.100008	-0.48647	-0.0889237	-0.871828
M	-0.0954504	-0.10981	-0.298293	-0.00553303	0.036609	0.0167432	-0.0738598	-0.356053	-0.0628108	-0.437956
N	0.197178	0.0631539	0.0498364	-0.0579868	0.0968226	-0.122382	0.0170015	0.202707	0.0588336	0.121321
P	0.315259	0.376747	0.408665	-0.0342121	-0.115768	0.153575	0.0430902	-0.208545	0.105402	0.714674
Q	0.165306	-0.45048	-0.227546	-0.140806	0.00092738	0.340543	0.0515101	-0.177186	0.0916765	0.405242
R	-0.786836	-1.72551	-0.331428	0.0147212	-0.112265	-0.156008	0.00209193	-0.0803491	0.0419628	-0.167865
S	0.111677	-0.014353	0.11959	0.0788222	0.100096	0.110844	0.10096	0.463403	0.0814621	-0.0889326
T	0.220675	0.23596	0.172577	0.02497	0.089679	0.072054	0.108853	0.0298355	0.0526693	-0.0932624
V	0.0427356	0.161706	0.146867	-0.00409623	0.0193924	-0.129522	0.0788225	0.216247	-0.00898109	-0.412189
W	0.0406353	-0.0119368	-0.092399	-0.0499303	0.0228601	-0.26962	-0.0642954	-0.090894	-0.0653807	0.242491
Y	-0.00996575	0.156351	-0.227249	-0.0199477	-0.0880529	-0.334013	-0.0236579	0.0903204	-0.0971821	0.367573


4.80718
