NumCols:	9
A	0.258648	-0.575803	-0.197549	-0.087985	0.130701	0.113989	-0.443383	0.0410447	0.346883
C	-0.372379	0.334078	0.0552899	-0.0388412	-0.179941	-0.0504157	-0.219503	0.219149	0.0888162
D	0.640445	0.823476	0.531007	-0.0790788	-0.030419	-0.0850535	-0.471423	0.149409	0.628307
E	0.532689	0.274827	0.215091	0.0935562	-0.125589	-0.110117	-0.190185	0.0262531	0.833389
F	-0.454146	0.722252	-0.763442	0.0382164	-0.203192	-0.0576382	-0.352794	-0.225668	-1.1917
G	0.377165	0.23224	0.284699	-0.175741	-0.0720294	0.024864	-0.421881	0.0776398	0.687545
H	-0.416954	-1.31205	-0.0308809	-0.0306444	0.00992167	-0.0223572	0.447953	0.123346	0.457007
I	-0.285643	0.290494	0.0324333	0.209317	-0.20837	0.0222557	0.345932	-0.104144	-1.00336
K	-0.0526266	-0.260047	0.485543	0.0465521	0.234713	0.227561	0.514542	0.0717326	0.599434
L	-0.599405	0.174041	-0.0838039	0.127818	0.0761011	0.00829829	0.164222	-0.183157	-0.414439
M	-1.28241	-0.343254	0.192714	0.0341645	0.0331398	-0.0128693	-0.489754	-0.133886	-0.62432
N	0.475489	0.352237	0.158504	-0.157313	0.0567121	-0.0786312	0.0803029	0.115828	0.294635
P	0.75582	-0.405248	0.186215	-0.23961	0.341205	0.0414152	0.248571	-0.245942	0.926353
Q	0.395031	-0.408148	0.171249	0.111501	0.121116	-0.0556401	0.189303	0.180874	0.628766
R	-0.498409	-0.942	0.267483	0.0987804	0.307237	0.19987	0.541779	0.0477721	0.0970357
S	0.354622	-0.348411	-0.427315	0.0255156	0.0233114	-0.0197314	-0.0263726	0.108678	0.84218
T	0.578588	0.281169	-0.403639	0.0334081	0.0825092	-0.06826	0.191841	-0.0359924	0.542268
V	-0.211265	0.430132	-0.168484	0.0253739	0.12539	0.0213123	0.412608	-0.0433118	-0.225934
W	-0.14891	0.405705	-0.156684	-0.0598311	-0.26522	-0.105381	-0.180863	-0.0677538	-2.49554
Y	-0.0463476	0.274312	-0.348429	0.0248416	-0.457297	0.00652846	-0.340895	-0.121873	-1.01733


5.67662
