NumCols:	11
A	-0.331545	-0.0304172	-0.385371	-0.0282995	-0.326741	0.0060288	0.00356274	0.0740188	-0.250007	0.0175183	0.100493
C	-0.107127	0.131314	0.0766471	-0.0220691	-0.0670383	0.00195161	-0.00224619	-0.017212	0.0187375	0.0329351	-0.0212866
D	0.402544	-0.148854	0.0204027	0.0333288	0.114782	0.00439307	-0.00141758	0.0147165	0.214602	0.0177705	-0.00948014
E	0.413907	-0.00436628	-0.141609	0.0321522	0.170656	0.00121042	0.000320234	0.0021318	0.123703	0.00778703	0.0166089
F	-0.220255	0.5613	0.0777608	0.00754719	-0.109962	-0.00481901	0.00644614	-0.0640713	0.094264	0.0339798	-0.1235
G	0.0154734	0.244969	0.417282	0.00432482	-0.0361698	0.00232559	-0.00104528	0.039358	0.107582	-0.00273909	-0.0111154
H	-0.530154	-0.231156	-0.0341222	-0.0208765	-0.0060133	-0.00556792	-0.00151272	0.0109904	-0.0160971	-0.0134095	-0.1533
I	-0.0367697	0.712457	0.140105	0.0379861	-0.143828	0.00284176	0.00342407	-0.0155436	-0.0922995	0.0069276	0.295245
K	-0.904336	-0.0139542	-0.122639	0.0171173	0.336604	4.4958e-07	0.00663855	0.073753	0.153552	-0.00452304	-0.0355602
L	0.0377694	0.409099	0.0601396	0.0205721	0.043709	-0.00922587	0.00557925	-0.0245246	0.109755	0.00485597	0.143146
M	-0.212134	0.267243	-0.0218057	-0.00909946	0.00131985	-0.00622487	0.00351984	-0.00769042	0.0876824	0.022363	0.0187379
N	0.415339	-0.171401	0.265418	0.00450202	0.140246	-0.00256402	-0.00471767	-0.0297448	0.0849175	0.0113762	-0.0524203
P	0.629189	-0.103127	0.40758	0.0569022	-0.0548157	0.0155795	-0.0119655	0.0877133	0.203792	0.0210889	0.0949894
Q	0.588297	-0.305125	0.238929	0.0123959	0.230972	0.00165944	-0.00372351	-0.00109106	0.0341153	-0.00977569	0.0228301
R	-1.11903	-0.204619	-0.632278	-0.0543604	0.19333	-0.00165874	0.00538558	0.0685082	-0.00756558	-0.0412228	-0.140382
S	0.146283	-0.652869	-0.17654	-0.0411265	-0.072983	-0.00164402	-0.00387493	-0.011453	-0.190514	-0.0436246	0.0135055
T	0.463458	-0.775421	-0.0667146	-0.0278204	-0.143439	0.00100631	-0.00179642	-0.0277309	-0.312549	-0.0396942	0.0582781
V	0.240242	0.134593	0.155667	0.00473744	-0.112642	0.00395242	0.00310289	-0.0235686	-0.150926	-0.0377271	0.207094
W	0.112246	0.0475751	0.0448893	-0.0199857	-0.0680826	-0.00072295	-0.00336088	-0.0756466	0.134502	0.0366692	-0.0931162
Y	-0.00339439	0.132757	-0.323741	-0.00792847	-0.0899028	-0.00852202	-0.00231859	-0.072913	-0.347246	-0.0205556	-0.330768


3.10533
