NumCols:	11
A	-0.128368	0.20695	0.164212	0.0669381	0.0455272	0.0815545	-0.00648663	0.0319654	0.0229823	-0.140811	-0.0460996
C	-0.0122667	0.104999	-0.0317634	-0.0156656	0.00270637	-0.0801992	0.0171044	0.0132014	0.0462731	0.0514741	0.0747434
D	0.572347	0.00660239	0.425555	0.0423914	0.0520667	-0.0161962	0.0455025	0.0233627	0.600107	0.226696	0.0959202
E	0.148094	0.0971301	0.133846	0.0908922	0.0206423	0.0389782	0.000760662	0.0161927	0.52324	0.0752363	0.0993
F	-0.110349	0.0192217	-0.0960823	0.0315884	-0.0393533	-0.0610888	-0.138105	0.0214083	-0.288143	0.0170395	-0.244675
G	-0.070347	0.152947	0.257767	0.0774111	0.0594323	-0.00172279	0.0400759	0.017843	-0.366034	0.077413	0.0352715
H	-0.224046	-0.442643	-0.0504692	-0.0203862	-0.0177172	-0.00837226	-0.0807609	-0.00427465	0.0152189	-0.0882056	0.142847
I	0.191156	0.348828	-0.0455778	-0.142788	-0.055576	-0.113984	-0.00960951	0.00201093	-0.0155121	0.105156	-0.431583
K	-0.781011	-0.37526	-0.0544359	0.00993457	-0.00491538	0.0493124	0.0211728	-0.011303	-0.116312	0.0446918	-0.160805
L	0.0971082	0.101938	0.00156277	0.0331856	-0.033725	-0.118963	-0.270118	-0.0770211	-0.489901	-0.0374275	-0.533074
M	-0.0834325	-0.17498	-0.071779	-0.0453298	-0.044743	-0.0897516	-0.094004	-0.0370014	-0.0828919	0.16278	-0.195857
N	0.224354	0.241312	0.0592377	0.0410667	0.104397	-0.0542533	-0.00700537	-0.0130207	0.196477	-0.0803692	0.239953
P	0.633745	0.588771	0.241052	0.15004	0.150733	0.156736	-0.143755	0.0392851	-0.212234	0.145785	0.20291
Q	0.082993	-0.0337819	-0.194147	0.00271441	0.00871759	-0.0184823	0.0213358	-0.0261117	0.134346	-0.0932564	0.209716
R	-1.01286	-1.1198	-0.312117	-0.205676	-0.111217	0.00318422	0.0923101	-0.0020921	0.0402761	0.0181174	0.119719
S	-0.00293525	-0.0261393	0.199228	0.0433963	0.0101703	0.171647	0.16927	-0.014748	0.157887	0.0157863	0.118607
T	0.225671	0.149744	0.163225	0.00103083	0.0137428	0.0681147	0.174704	-0.0113862	0.0470721	-0.175231	0.144618
V	0.295076	0.249223	0.0571652	0.040586	-0.0241692	-0.055465	0.0451627	-0.00240884	-0.204454	-0.0893385	-0.132999
W	0.0570728	-0.035956	-0.406186	-0.119133	-0.037306	-0.059955	0.0922393	0.000153326	0.00200915	-0.110951	0.14076
Y	-0.102005	-0.0591024	-0.440293	-0.0821973	-0.0994134	0.108906	0.0302062	0.0339448	-0.0104069	-0.124585	0.120727


4.57884
