NumCols:	8
A	-0.424702	0.0390371	0.21959	-0.000667307	-0.320636	0.048532	-0.126282	0.332824
C	-0.0433461	-0.1985	0.002841	0.0781015	0.18644	0.00964687	-0.0384747	-4.09962e-05
D	0.898178	-0.15407	0.477103	0.181774	0.363552	-0.0396188	0.0988346	0.129225
E	0.694718	-0.837312	0.341157	0.0220428	0.361447	-0.00902924	-0.0243992	0.0774741
F	-0.923172	-0.261272	-0.422394	-0.187271	-0.131198	-0.645844	-0.114002	-0.284881
G	-0.528054	0.0851817	0.246248	0.137605	-0.293701	0.168859	-0.0090252	0.13044
H	-0.342301	0.208045	-0.29716	0.206232	-0.0920019	0.0988615	0.0314566	0.361792
I	0.164361	-0.110922	-0.404645	-0.0235615	-0.55594	-0.0361161	-0.0007849	-1.48714
K	-0.0428988	0.342062	-0.078947	-0.171672	0.420951	0.287191	0.114247	0.139658
L	-0.0505491	-0.234784	-0.295522	-0.218622	-0.326637	-0.00994103	-0.138552	-0.453444
M	-0.166617	0.155228	-0.342807	0.0955659	-0.444169	-0.026633	-0.0219756	-0.661636
N	0.347782	0.0756382	0.134678	0.0204795	0.258996	0.0495062	0.0667457	0.137481
P	0.985189	-0.186061	0.580571	0.117552	0.240127	0.0575776	-0.0548026	0.220962
Q	0.318744	-0.0873928	0.229686	-0.0788772	0.118276	0.195064	0.00270841	0.202978
R	-0.27681	0.395533	-0.299041	0.0809555	0.244137	-0.0171933	0.145588	0.439021
S	-0.129726	0.625383	0.0880464	-0.00744326	-0.0443661	0.568623	0.0873015	0.311186
T	0.377158	0.274174	0.264341	0.0841337	0.0534916	-0.000248335	0.0155896	0.387835
V	0.273123	-0.0269687	0.106317	0.095342	-0.526944	-0.322986	-0.0887634	-0.424997
W	-0.256711	-0.034613	-0.25956	-0.0866713	0.267186	-0.284577	0.0281267	-0.139363
Y	-0.874365	-0.0683858	-0.290503	-0.344997	0.220987	-0.091674	0.0264636	0.580625


4.38449
