NumCols:	10
A	0.385155	-0.0237139	-0.0310435	-0.180528	0.0231422	-0.00660908	0.112288	-0.149393	-0.145673	0.86954
C	-0.165274	0.126907	-0.0330084	-0.196034	-0.0210018	-0.0277082	-0.0452601	-0.209223	0.040296	-0.240989
D	0.420617	0.289539	0.244036	0.119992	-0.0282256	-0.0268836	-0.0732046	-0.343679	0.0882122	-0.328687
E	0.375697	0.421059	0.148443	0.109044	-0.0178569	-0.0312031	-0.037889	-0.411807	-0.0483638	0.285215
F	-0.237334	-0.0117562	-0.355363	-0.274633	0.000244492	-0.102757	-0.135288	-0.375192	-0.218003	-0.535091
G	0.427933	0.377153	0.0860376	0.0291292	0.0298766	-0.00887637	-0.0922094	-0.394347	0.0497391	0.185399
H	-0.495162	-0.959077	-0.175275	0.057615	-0.0121322	0.0241024	-0.0392272	0.271146	0.0151226	0.184714
I	-0.334084	0.0523523	-0.0549659	-0.207741	0.0363818	-0.0341756	0.112884	0.204106	0.18022	-0.18843
K	-0.132958	-0.1458	0.0537656	0.0996153	0.117985	0.0857443	0.158229	0.53366	0.156413	-0.285342
L	-0.601756	-0.179704	0.0658869	0.107717	-0.0240107	-0.0281	0.072691	0.146817	-0.161395	-0.050638
M	-0.900187	-0.508032	-0.0445819	-0.0426522	-0.052384	0.00954507	0.031933	-0.156283	0.0953638	-0.153944
N	0.242131	0.138063	0.126996	-0.0553555	-0.0203672	0.0243273	-0.109292	0.0350134	0.0671419	0.336089
P	0.399124	0.112307	0.0910976	0.0474641	-0.00731897	0.0556693	0.0758484	0.303473	-0.00626096	1.02113
Q	0.186405	0.0353394	0.175669	0.32594	-0.0194635	0.0572006	-0.0112604	0.140261	-0.0369458	0.423887
R	-0.227685	-0.662253	-0.141425	0.105608	0.0908063	0.103246	0.142105	0.621041	0.143181	-0.192787
S	0.43351	-0.0322149	0.0799895	-0.115843	0.0168091	0.0256544	-0.0268337	-0.231368	0.0645056	0.497453
T	0.341619	0.230804	0.0758577	0.106856	0.00268927	-0.0307489	-0.0102262	0.00548684	-0.0389358	0.254181
V	0.156746	0.480866	0.0691614	0.0375784	0.0219948	-0.0103068	0.0709819	0.181824	0.0447545	0.0705741
W	0.00108017	0.309177	-0.13406	-0.063655	-0.0626386	-0.0191676	-0.0900601	-0.0377945	0.0141197	-1.86792
Y	-0.275577	-0.0510151	-0.247216	-0.0101165	-0.0745298	-0.0589533	-0.10621	-0.133741	-0.303493	-0.284348


4.99412
