NumCols:	10
A	-0.0767305	-0.193905	-0.1658	0.0241587	0.00652555	-0.0154717	0.000790019	-0.0259781	-0.0924769	0.209382
C	0.0546099	0.0095208	0.0992767	-0.0298096	-0.00892348	-0.0291416	-0.00491473	-0.00660821	0.0468793	-0.0621686
D	0.807555	-0.0357845	-0.0222358	0.0284256	-0.0213853	-0.0348485	0.00441598	0.0104427	0.0192898	0.203424
E	0.73465	-0.013025	-0.0877855	-0.0411196	-0.0503836	-0.0491496	-0.0122187	0.0304775	0.0290193	0.360447
F	-0.369357	0.181347	0.0373011	-0.128067	0.0163141	0.15777	-0.0350713	0.0170002	0.106738	-1.51463
G	0.0512883	-0.02914	-0.0112216	0.034405	-0.0125308	-0.00782878	0.000938173	-0.0154181	0.00731463	0.546287
H	0.0968452	0.0821857	0.0864876	0.0539665	-0.0405468	-0.0774756	-0.00766402	0.0245251	0.0826326	0.229124
I	-0.102802	0.0790102	-0.107117	-0.163773	0.0897674	0.105416	0.0126747	-0.0237672	-0.10959	0.19182
K	-0.185855	-0.00861953	0.309726	0.10141	0.0103654	0.0606287	0.0253479	0.00176031	0.059543	0.765296
L	0.0141217	0.146107	-0.135112	-0.0444546	0.0210606	0.0807775	-0.0244907	0.0147279	-0.0141031	-0.729329
M	-0.76636	0.176865	-0.283319	-0.0626406	0.00682723	0.0342195	0.00782461	-0.00550884	0.0382205	-0.70564
N	0.223013	0.0547927	0.00290803	0.0622365	-0.0240178	-0.15889	-0.00233569	0.00895638	0.0139771	0.380265
P	0.717278	-0.501294	0.274743	0.0828392	0.0204757	-0.0264472	0.035293	-0.023437	-0.139726	0.701151
Q	0.0376599	-0.0130055	-0.153914	0.0578371	-0.03657	-0.0958558	0.00711889	0.00996126	-0.0397296	0.526495
R	-0.877899	-0.0745897	0.237187	0.141504	0.00690441	0.0433719	0.0533812	-0.00709476	0.113509	0.488551
S	-0.579555	-0.0125733	-0.132442	0.0235987	-0.0275172	-0.123028	0.014031	-0.00961703	-0.0745343	0.46715
T	0.215007	-0.037863	-0.0437005	0.0206449	-0.00162006	-0.0161609	-0.0117042	0.00248127	-0.0780575	0.435979
V	0.502524	-0.0961589	-0.107234	-0.0553987	0.0419668	0.041339	-0.0310459	-0.0196081	-0.122071	0.0426231
W	-0.277375	0.119702	0.155397	-0.0420641	-0.00302555	0.0483915	-0.00502044	0.00402921	0.0892306	-0.637092
Y	-0.218619	0.166428	0.0468544	-0.063699	0.00631331	0.0623823	-0.0273497	0.0126756	0.0639345	-1.89913


4.64522
