NumCols:	11
A	0.256916	0.236503	0.00131065	0.00341834	-0.00636742	0.00406965	0.0276884	-0.0577285	-0.066967	-0.00604025	0.399081
C	-0.010152	0.144624	-0.22088	-0.016469	-0.0226878	0.00101697	-0.00469557	-0.0769409	-0.0246117	0.0206651	-0.238331
D	0.114835	0.226161	0.0999428	0.106042	-0.0204803	-0.00754979	-0.0147636	-0.0133097	-0.0326346	0.0286835	-0.204408
E	0.130793	0.209073	0.149111	0.192495	-0.0139965	-0.00100302	0.0040196	-0.0797113	-0.0205307	0.0314466	-0.0704319
F	-0.173056	0.123855	-0.3742	0.102439	-0.0563184	0.00027722	-0.0381212	-0.177302	-0.0288185	0.0121563	0.106291
G	0.0813025	0.0921537	0.0101759	-0.0184506	-0.00291958	0.00260899	0.0021537	-0.233915	-0.0523019	-0.00609085	0.017181
H	-0.137383	-0.338771	-0.175387	-0.117918	0.0211203	-0.0103142	-0.00187771	-0.0806162	0.0569747	-0.00868044	-0.0345279
I	-0.0789125	0.179014	0.182467	0.15897	-0.022578	0.0171607	-0.00593218	0.367966	0.0345343	0.00719552	0.341424
K	-0.160078	0.0361786	0.313101	-0.0732032	0.0279276	0.0119975	0.0212634	0.0302667	0.085682	-0.0538184	0.244089
L	-0.190429	-0.0325554	0.0627911	0.259041	-0.0103586	0.00291509	0.000223985	0.0997867	0.0386512	-0.00402692	0.256282
M	-0.185444	-0.323349	0.016458	0.0271871	0.00811231	0.0025933	-0.0112642	0.031972	0.0267277	-0.0099039	0.249266
N	-0.0721618	-0.0381575	-0.0292781	-0.103863	0.0213647	-0.00661027	-0.00984975	-0.038845	0.00272627	0.0115354	-0.238163
P	0.31028	0.0403004	0.0261213	0.171014	0.0142726	0.014163	0.0263645	0.234406	-0.0138443	0.0417912	-0.179033
Q	0.0739034	-0.273449	0.311845	0.0547867	0.0210231	-0.00348282	0.0061988	-0.0794113	0.0138403	0.0102331	-0.172873
R	-0.012199	-0.500297	0.0925451	-0.619604	0.0299861	0.0273961	0.0154776	-0.0919129	0.0998569	-0.0499587	0.180555
S	0.138362	0.0108908	0.220626	-0.0574431	0.0306768	-0.0203936	0.0110944	-0.10945	-0.0351184	-0.0178645	-0.0526193
T	0.126757	0.114706	0.0767397	-0.0878422	0.0075701	-0.0236162	0.00444412	0.0463147	-0.023666	-0.00113209	-0.109274
V	-0.000384135	0.12499	0.147069	0.225091	-0.0082419	-0.00689004	0.0101675	0.357961	-0.0155565	-0.00194386	0.130658
W	-0.0987143	-0.0559615	-0.197164	-0.344664	-0.015478	-0.0127103	-0.0331028	-0.0916811	-0.0438475	-0.000368773	-0.887011
Y	-0.114236	0.0240911	-0.713396	0.138976	-0.00262713	0.00837185	-0.00948905	-0.0378502	-0.00109626	-0.00387786	0.261845


4.23603
