NumCols:	10
A	-0.0259521	0.242216	0.215669	-0.0719875	0.0168025	0.016753	0.132882	-0.0737317	0.0155248	0.0430849
C	0.0744059	0.335871	0.0586238	-0.0211859	-0.0163051	-0.0111345	-0.0792618	-0.197225	-0.0141596	0.090089
D	0.518951	0.229771	0.209893	0.0594767	0.0837385	0.37975	0.018312	0.278407	0.159679	0.246341
E	0.401291	0.212585	0.106533	-0.0440766	0.0722846	0.427444	-0.00728888	0.124654	0.0926811	0.191997
F	-0.199503	0.36981	-0.125283	0.0263157	-0.0442586	-0.117893	-0.288396	-0.222032	-0.209172	-0.276387
G	0.0819308	0.334914	0.315529	0.209943	0.0680903	-0.114239	0.0415939	-0.076848	0.0150571	0.214301
H	-0.34747	-0.187864	-0.0712122	0.0773673	-0.0485366	0.00458818	-0.115855	0.17933	-0.00690682	-0.0710209
I	-0.140855	-0.0407519	-0.218708	-0.108816	0.157204	-0.338618	-0.0823248	-0.383479	-0.201315	-0.346673
K	-0.9166	-0.396798	0.0444568	0.0674228	-0.133535	0.110118	-0.00881843	0.287257	0.109003	0.189738
L	0.1093	0.0998124	-0.215832	-0.0126257	-0.0259268	0.0533519	-0.0602454	-0.362367	-0.177639	-0.716846
M	-0.170297	-0.187095	-0.356666	-0.0785055	0.057949	0.0178033	-0.0263596	-0.0550629	-0.105219	-0.221611
N	0.236754	0.00646007	0.043285	0.00408449	0.0867185	-0.137774	0.0448806	0.0530912	0.112966	0.102071
P	0.483747	0.353117	0.335464	0.0950951	-0.00984004	0.0981012	-0.11658	-0.118214	0.171805	0.491854
Q	0.332891	-0.286049	-0.276561	-0.139388	0.0225699	0.197804	0.150577	-0.149391	0.126506	0.0489844
R	-1.16348	-1.61746	-0.387289	-0.154354	-0.233789	-0.12266	-0.0372338	-0.150603	0.138739	-0.0678151
S	0.160402	-0.0537676	0.309579	0.134944	0.045783	0.02019	0.149657	0.368975	0.0839411	0.0780232
T	0.361328	0.231854	0.279749	0.0484955	0.0392766	0.0388527	0.192465	-0.0143601	-0.0128389	-0.0889791
V	0.111688	0.139532	0.22095	-0.0464576	0.0189446	-0.254366	0.129351	0.190644	-0.0859775	-0.298758
W	0.0627949	0.106372	-0.155446	-0.00784868	-0.00472341	-0.205762	-0.0673422	0.0481441	-0.0911898	0.0808822
Y	0.0286681	0.107473	-0.332734	-0.0379001	-0.152447	-0.0623104	0.0299868	0.272814	-0.121485	0.310724


4.88066
