NumCols:	9
A	-0.0200077	-0.384252	-0.0619717	0.141212	0.34529	0.0352826	-0.0626717	0.342196	-0.666453
C	0.116904	-0.221084	-0.149173	0.0348919	-0.0990799	0.0161417	-0.0408551	0.145122	-0.166928
D	-0.0975875	-0.964856	-0.133012	0.0613016	-0.39268	0.0346873	-0.505174	0.144842	0.460918
E	0.0554381	-0.0148139	-0.073187	0.0451696	-0.599979	0.0179919	-0.245487	0.0820053	0.497251
F	-0.175487	0.322443	-0.491221	-0.0960512	-0.300647	-0.0313501	-0.14532	0.110132	-1.04767
G	0.0347483	-0.0369513	0.0890477	0.142418	0.173213	0.0382892	0.0574186	0.244854	0.639475
H	0.0127683	0.589907	0.0614629	-0.0173442	0.0699363	-0.00619523	0.219053	-0.0647323	1.0841
I	-0.181251	-0.54666	-0.0679583	-0.188132	-0.208855	-0.0503566	-0.231061	0.113104	-1.69052
K	0.140532	0.984551	0.200747	-0.0692034	0.289535	-0.036757	0.29888	-0.132096	0.929385
L	0.0994996	-0.0258335	-0.0252426	-0.265951	-0.174143	-0.0829763	0.0064119	-0.234713	-1.09287
M	-0.0848833	-0.217219	-0.00196456	-0.204744	-0.104813	-0.0551983	0.0986333	0.135797	-0.983526
N	-0.0437873	-0.273192	0.209106	0.0604238	-0.00326126	0.0188441	0.0624546	0.0237913	0.736882
P	0.392218	-0.130924	0.263377	0.258087	0.17803	0.0642715	-0.192946	-0.0686778	1.01394
Q	0.337264	-0.037851	0.317493	0.13108	0.00155388	0.0170463	0.169504	-0.246187	0.570522
R	0.502073	1.30736	0.0996247	0.0301612	0.196868	-0.0528747	0.412584	-0.00871877	1.14118
S	-0.535415	-0.180404	0.347975	0.0541834	0.35541	0.0374507	0.167196	-0.00415729	0.341114
T	-0.20839	-0.422708	0.260237	0.0705235	0.247253	0.0399165	0.0393339	-0.492479	-0.21416
V	-0.207453	-0.258276	0.0873514	-0.0940575	0.161192	-0.00647386	-0.110675	-0.0922353	-0.642653
W	0.0487541	-0.0738452	-0.185192	-0.0333122	-0.0841112	0.011635	-0.0124507	0.0239925	-0.836653
Y	-0.185939	0.584611	-0.7475	-0.0606558	-0.0507101	-0.00937492	0.0151728	-0.0218383	-0.0733322


5.96471
