H-2-Db-10	0.91528914567 	625	67
H-2-Db-11	0.969905728789 	211	14
H-2-Db-8	0.920812807882 	869	29
H-2-Db-9	0.94748605643 	1496	480
H-2-Dd-10	0.999215686275 	76	25
H-2-Kb-10	0.914957105558 	418	35
H-2-Kb-11	0.955360867751 	158	17
H-2-Kb-8	0.927789892932 	1466	638
H-2-Kb-9	0.8825919258 	1366	349
H-2-Kd-9	0.954001807941 	343	146
H-2-Kk-10	0.987593052109 	57	26
H-2-Kk-11	0.995384615385 	51	25
H-2-Kk-8	0.993197278912 	94	45
H-2-Kk-9	0.938557815389 	168	79
H-2-Ld-12	0.989621942179 	90	71
H-2-Ld-9	0.99635606455 	147	34
HLA-A-0101-10	0.947184065934 	484	120
HLA-A-0101-9	0.969141252989 	3263	433
HLA-A-0201-10	0.935192694401 	2390	925
HLA-A-0201-11	0.995890410959 	93	20
HLA-A-0201-8	0.990421455939 	125	9
HLA-A-0201-9	0.961907504686 	7064	2281
HLA-A-0202-10	0.908817436913 	1404	649
HLA-A-0202-11	0.996710526316 	67	19
HLA-A-0202-8	1.0 	108	11
HLA-A-0202-9	0.933286672429 	2314	1073
HLA-A-0203-10	0.87852124183 	1405	640
HLA-A-0203-8	0.985004686036 	108	11
HLA-A-0203-9	0.953639601177 	3937	1278
HLA-A-0206-10	0.895172936714 	1404	511
HLA-A-0206-11	0.983516483516 	66	14
HLA-A-0206-8	1.0 	108	3
HLA-A-0206-9	0.925395399661 	3223	1267
HLA-A-0211-9	0.976047169155 	1038	361
HLA-A-0212-9	0.975479681609 	1143	275
HLA-A-0216-9	0.983727861035 	894	160
HLA-A-0219-9	0.988336375591 	1203	204
HLA-A-0250-9	0.994059917355 	132	88
HLA-A-0301-10	0.910012907985 	1460	561
HLA-A-0301-9	0.948011928323 	4708	1016
HLA-A-1101-10	0.928813565699 	1477	621
HLA-A-1101-9	0.962226044313 	3891	1159
HLA-A-2301-10	0.977603981514 	416	97
HLA-A-2402-10	0.974672610755 	467	97
HLA-A-2402-9	0.919233398485 	2065	367
HLA-A-2403-9	0.9851438173 	1216	287
HLA-A-2501-9	0.997458023948 	519	66
HLA-A-2601-10	0.962134853942 	413	56
HLA-A-2601-9	0.958939705699 	2457	297
HLA-A-2603-9	0.996 	205	25
HLA-A-2902-10	0.911249752426 	471	165
HLA-A-3001-10	0.995180722892 	88	5
HLA-A-3001-9	0.951799495683 	1949	569
HLA-A-3002-10	0.919873278908 	428	145
HLA-A-3002-9	0.894195292121 	912	235
HLA-A-3101-10	0.899175378104 	1421	453
HLA-A-3101-9	0.955778948945 	3309	681
HLA-A-3201-10	0.995901639344 	65	4
HLA-A-3201-9	0.931163636364 	575	275
HLA-A-3301-10	0.908952159456 	1359	188
HLA-A-6801-10	0.910353998722 	1419	574
HLA-A-6801-9	0.928026469501 	1700	641
HLA-A-6802-10	0.913187040986 	1387	315
HLA-A-6802-8	0.985436893204 	107	4
HLA-A-6802-9	0.946326618534 	3188	643
HLA-A-6901-9	0.973319846502 	2079	222
HLA-A-8001-9	0.990502268609 	782	113
HLA-B-0702-10	0.94479638009 	346	125
HLA-B-0702-8	0.93085106383 	55	8
HLA-B-0702-9	0.971884196665 	3049	617
HLA-B-0801-10	0.964622641509 	114	8
HLA-B-0801-9	0.94265084779 	2151	491
HLA-B-0802-9	0.996731657838 	486	19
HLA-B-1501-9	0.938986517684 	3290	910
HLA-B-1502-9	0.875201612903 	164	124
HLA-B-1503-9	0.937177280551 	416	332
HLA-B-1517-9	0.986151131077 	846	271
HLA-B-1801-10	0.957941729323 	314	48
HLA-B-1801-9	0.959803023362 	1756	222
HLA-B-2705-10	0.976328025926 	245	94
HLA-B-2705-11	0.984780844156 	218	64
HLA-B-2705-8	0.982412580178 	233	54
HLA-B-2705-9	0.973207129499 	2389	394
HLA-B-3501-10	0.959750698975 	306	74
HLA-B-3501-9	0.952628287022 	1993	505
HLA-B-3901-9	0.976116235506 	957	233
HLA-B-4002-9	0.956449468085 	568	192
HLA-B-4402-10	0.957315891473 	326	86
HLA-B-4402-9	0.966794909396 	1390	139
HLA-B-4403-10	0.947108919767 	327	97
HLA-B-4501-10	0.923546019198 	323	70
HLA-B-4601-9	0.989060939061 	1411	91
HLA-B-4801-9	0.996365254803 	861	68
HLA-B-5101-10	0.947548015989 	302	39
HLA-B-5101-9	0.94878397711 	1336	171
HLA-B-5301-10	0.916686073591 	302	76
HLA-B-5301-9	0.94940845201 	620	211
HLA-B-5401-10	0.964817668207 	302	66
HLA-B-5401-9	0.959640586286 	621	139
HLA-B-5801-10	0.98814229249 	57	11
HLA-B-5801-9	0.977179361871 	2529	451
HLA-B-7301-9	0.991513437058 	115	14
Mamu-A-01-10	0.915974747821 	601	247
Mamu-A-01-11	0.898009950249 	371	134
Mamu-A-01-8	0.960070088642 	469	154
Mamu-A-01-9	0.93901487881 	823	463
Mamu-A-02-10	0.908806670141 	215	101
Mamu-A-02-11	0.908049382716 	210	75
Mamu-A-02-8	0.955532395345 	158	57
Mamu-A-02-9	0.937886178862 	355	205
Mamu-A-11-10	0.955590386625 	281	116
Mamu-A-11-11	0.931659170415 	220	46
Mamu-A-11-8	0.972983161598 	219	46
Mamu-A-2201-10	0.981382978723 	210	22
Mamu-A-2201-9	0.955576169862 	247	49
Mamu-A-2601-10	0.989027735447 	210	17
Mamu-A-2601-9	0.976515151515 	418	198
Mamu-B-01-10	1.0 	209	1
Mamu-B-01-11	0.988584474886 	221	2
Mamu-B-01-8	0.983302411874 	161	7
Mamu-B-01-9	0.987804878049 	237	73
Mamu-B-03-10	0.984102104792 	251	77
Mamu-B-03-11	0.967037963173 	219	53
Mamu-B-03-8	0.965226656335 	236	58
Mamu-B-03-9	0.970135746606 	372	117
Mamu-B-08-10	0.980357794816 	248	83
Mamu-B-08-11	0.993841323512 	218	49
Mamu-B-08-8	0.97882378758 	235	49
Mamu-B-08-9	0.973761316872 	368	125
Mamu-B-17-10	0.924895977809 	552	140
Mamu-B-17-11	0.991268191268 	198	13
Mamu-B-17-9	0.949019607843 	678	270
Mamu-B-48-9	1.0 	60	40
Mamu-B-52-9	0.996148908858 	60	41
Patr-A-0101-10	0.936230585424 	178	54
Patr-A-0101-9	0.974248366013 	203	50
Patr-A-0301-10	0.98087431694 	152	30
Patr-A-0301-9	0.975 	169	24
Patr-A-0401-10	0.970303030303 	133	33
Patr-A-0401-9	0.955291740338 	144	37
Patr-A-0701-10	0.937990837696 	255	64
Patr-A-0701-9	0.924310983135 	287	66
Patr-A-0901-10	0.935457227139 	188	75
Patr-A-0901-11	0.95409167604 	239	127
Patr-A-0901-9	0.929025131179 	173	71
Patr-B-0101-10	0.965361445783 	222	56
Patr-B-0101-11	1.0 	65	21
Patr-B-0101-9	0.954887218045 	454	112
Patr-B-1301-10	0.991421568627 	65	48
Patr-B-1301-9	0.982401656315 	97	69
Patr-B-2401-10	0.970117845118 	130	22
Patr-B-2401-9	0.990396454075 	193	62
