NumCols:	10
A	-0.167059	0.0561593	0.0805831	-0.04184	0.0180591	-0.0614537	0.26194	0.286019	-0.305325	-0.021782
C	0.193294	-0.0209624	-0.0331638	0.0355165	0.00305221	-0.0130718	0.0759084	-0.0756158	0.111038	0.081733
D	0.648791	-0.0278561	-0.0496588	-0.00173268	0.00937603	-0.0258308	-0.0166654	-0.12138	0.446694	-0.00438123
E	0.422074	-0.00641664	-0.0552131	0.0486902	0.00690083	0.015354	0.0623963	-0.0577707	0.0679033	-0.0985264
F	0.136664	0.0893675	-0.467876	0.171668	-0.0129613	-0.00344922	-0.167135	-0.158342	-0.745141	0.181526
G	0.0989737	0.0098905	0.0739055	-0.0893518	-0.000128589	0.0335525	0.019309	0.302813	0.486429	0.0619286
H	-0.163998	0.00831718	0.116357	-0.106379	0.00193806	-0.000972199	-0.0633608	0.114696	-0.659888	0.297696
I	0.359069	0.0165881	-0.0634125	0.220017	-0.0119993	0.0461106	-0.102018	0.0129154	0.579359	-0.326313
K	-0.94536	0.0283646	0.266907	-0.129473	0.00621329	0.0100243	-0.0143407	0.717169	0.67256	0.298517
L	0.101994	0.0241193	-0.233218	0.146654	-0.0173432	0.0364203	-0.0441366	-0.0582272	-0.0240521	-0.474975
M	-0.394116	0.00267762	-0.22286	0.0839861	-0.0106107	0.0275832	-0.116477	-0.0528869	-0.0593818	-0.161728
N	0.162169	-0.0376042	0.0215312	0.0169368	-0.00597894	0.00299933	-0.0170101	-0.159843	-0.404216	-0.0190379
P	0.891748	-0.0339231	0.198382	-0.166057	-0.000710562	-0.094633	0.173715	-0.424061	-0.149116	-0.0831867
Q	-0.176002	-0.0495665	0.122225	-0.0422326	0.00377813	0.0257029	0.0543878	-0.0706313	0.238524	-0.0937235
R	-0.832597	0.0284052	0.323985	-0.160061	0.0172192	-0.00846708	-0.0165984	0.524625	0.332879	0.696978
S	-0.761396	-0.0228334	0.328597	-0.123935	0.0127386	0.0327308	0.0586201	0.192055	0.0649424	0.0360255
T	-0.0918856	-0.0278346	0.315579	-0.0667392	0.00796715	0.00347729	0.0822485	0.0014809	0.176772	-0.170197
V	0.285773	0.00130672	0.0421503	0.100031	-0.00558803	0.0110927	0.000904375	-0.0572362	0.22814	-0.523713
W	0.362135	-0.117957	-0.262845	0.0530538	-0.0130811	-0.013769	-0.171292	-0.379948	-0.198	0.113919
Y	-0.130272	0.0797581	-0.501955	0.0512473	-0.00884085	-0.0234011	-0.0603959	-0.535832	-0.86012	0.209239


3.12576
