NumCols:	10
A	-0.40105	0.161891	-0.0903251	0.0166596	0.0573482	0.118066	0.536248	0.310262	-0.025972	0.0725304
C	-0.022324	0.0010577	-0.0193083	-0.0920199	-0.00217092	-0.0310942	-0.239712	-0.144609	-0.14448	0.397662
D	0.0905967	0.096296	-0.0217776	-0.142728	-0.00992979	0.066551	0.234372	-0.0110802	0.0609432	0.205551
E	-0.354092	0.0537804	-0.019795	-0.0820806	0.0759707	0.0569438	0.136871	-0.100257	-0.0601832	0.148943
F	-0.128522	-0.220129	-0.206039	0.0479403	-0.199296	-0.235298	-0.68402	-0.364315	-0.362824	-0.180995
G	0.111142	0.0432336	0.00827414	0.0793502	0.00136811	0.132407	0.0743322	0.289694	-0.0771616	0.0726473
H	0.184533	-0.105565	0.132126	0.00797257	0.0898342	0.0742057	-0.103511	-0.0278563	0.0652255	-0.0840089
I	0.416699	-0.0776669	-0.1029	-0.0301588	-0.0439	-0.233539	-0.509661	-0.125381	-0.0832676	0.231636
K	0.0813621	-0.0509912	0.149322	0.113881	0.170368	0.0327453	0.654564	0.263699	0.248961	-0.116016
L	0.300534	-0.116229	-0.113886	0.0430536	-0.0626368	-0.155269	-0.445322	-0.564924	-0.0811333	-0.194925
M	-0.349675	-0.158538	-0.128315	0.0134983	-0.0591021	-0.131368	-0.387396	-0.227293	-0.0811408	-0.831899
N	0.381322	0.00414608	0.116904	0.000456456	-0.0981604	-0.00741464	-0.207017	-0.0990282	0.049083	-0.0375848
P	0.529457	0.54386	-0.072565	-0.0550666	0.0944707	0.0783308	0.705363	0.182919	0.107883	0.360845
Q	0.364843	0.116214	0.0998811	0.0461152	0.129138	0.113875	0.153656	0.141122	0.111221	0.0192128
R	-0.349996	-0.0313701	0.151297	0.13993	0.183977	0.149884	0.399661	0.309303	0.194844	-0.126061
S	-0.672528	0.0671938	0.163456	0.0513018	0.153031	0.22378	0.303666	0.326114	0.0951119	-0.129465
T	-0.182836	0.08103	0.151086	0.0114206	0.0171151	0.15323	0.328973	0.228527	0.198514	-0.0801741
V	-0.0996507	0.0404379	-0.0143069	-0.0190212	-0.0893592	-0.113791	0.146755	0.0602585	0.101383	-0.559652
W	0.03414	-0.113005	-0.0525351	-0.123089	-0.20039	-0.204509	-0.769245	-0.188885	-0.134156	0.719509
Y	0.066044	-0.335646	-0.130593	-0.0274152	-0.207676	-0.087736	-0.328574	-0.258269	-0.182852	0.112244


3.69126
