NumCols:	9
A	0.010138	0.118765	-0.0929714	-0.214252	-0.0137063	-0.333339	0.1381	-0.0648263	-0.2167
C	-0.0603194	-0.238852	0.191585	-0.0107446	0.0168379	-0.0691211	-0.0446889	0.0908906	0.152255
D	-0.013271	-1.89302	-0.483276	-0.0974346	-0.00728231	-0.0394774	-0.0825691	0.0884317	0.325147
E	0.0545771	-0.694005	-0.36317	-0.122796	-0.096697	-0.0917038	-0.0759105	0.0440039	0.258188
F	-0.119758	0.166017	0.0257019	0.117759	-0.341264	-0.083404	-0.279736	-0.0133836	-0.12579
G	0.0209522	0.0878056	0.346978	0.0497683	-0.00803447	-0.0310416	-0.050285	0.0758126	0.282942
H	-0.0403426	0.484687	0.0912657	-0.0156559	0.100839	0.219085	0.034494	0.0888964	0.804844
I	-0.0369345	0.000834404	-0.144398	-0.122719	-0.00903824	-0.117367	0.0171687	-0.184555	-1.8377
K	-0.000842517	0.485252	0.890906	0.0708311	0.38584	0.253975	0.208986	0.0218365	0.510052
L	0.0699571	0.140021	-0.43153	-0.133386	0.190427	-0.10005	-0.180513	-0.153696	-0.693085
M	-0.0266163	0.110242	-0.468885	0.016334	0.0990564	0.0193986	-0.0935346	-0.0972652	-0.424157
N	0.0360848	-0.0962525	-0.34974	0.128128	0.152072	0.0835148	-0.143331	0.0677128	0.383302
P	0.0726169	-0.175098	0.833609	-0.0589703	-0.0588989	-0.00547178	0.189331	0.0775473	0.482455
Q	0.114053	0.140909	-0.0338669	0.0519121	0.0558202	-0.00842513	0.161991	0.0237268	0.369275
R	-0.0350907	0.692678	0.174486	0.109136	0.483079	0.356456	0.501798	0.0795891	0.935173
S	0.00444633	0.306526	-0.0345093	0.0392004	-0.210843	0.0114046	0.147266	-0.0624692	0.155183
T	0.0335092	0.123416	-0.176791	-0.0117437	-0.245465	-0.0836186	0.112218	-0.0974059	-0.270371
V	0.061462	0.0191257	0.0782277	-0.0803527	0.0802595	-0.175634	0.0280421	-0.130371	-1.30964
W	-0.068026	-0.16421	-0.152402	0.139957	-0.22175	0.0991796	-0.231168	0.093217	0.0686841
Y	-0.0765951	0.38516	0.0987812	0.14503	-0.351251	0.0956394	-0.35766	0.0523074	0.149946


5.63313
