NumCols:	9
A	-0.21423	-1.02119	-0.359708	-0.00720763	-0.0994754	0.00686439	-0.00182639	-0.0239773	-0.36105
C	0.249696	0.313691	0.85927	-0.00407374	0.00307996	0.0182264	-0.00148366	0.00213758	0.077226
D	2.09953	-0.187913	0.478755	-0.00989782	0.00220029	-0.0678203	0.00152017	-0.000555912	0.190671
E	0.842589	-0.058732	0.28504	-0.00299506	-0.00700232	-0.01633	0.000490256	-0.00565633	-0.0501652
F	-0.0417069	0.422536	-0.222691	0.0103497	0.0669537	0.0694258	-0.00579617	0.0243023	-1.00887
G	0.0329676	-0.00935227	0.590931	-0.0012238	-0.0231848	-0.00447561	-0.00175922	-0.00439407	-0.059429
H	-0.386128	0.58228	0.00846782	0.00971653	0.0383243	-0.00883023	0.00240428	0.0109621	0.117201
I	-0.612582	-0.0175591	0.213063	0.0122815	-0.0198932	0.0753062	-0.00400465	0.00080459	-0.793206
K	0.108209	0.0686943	0.135226	0.0165053	0.000623926	0.027635	0.0081828	0.0100459	0.301664
L	-0.262545	-0.467371	-0.455157	0.0162826	0.0159447	0.0398609	0.000342738	0.00944967	-0.707715
M	-0.239208	0.425934	-0.511013	0.0144284	0.0313078	0.0868244	-0.00189897	0.0119119	-0.993948
N	0.60589	0.265198	0.0387037	-0.00276231	0.0171973	-0.0465507	0.00166624	0.0080538	0.195023
P	0.355246	-2.2271	-0.712228	-0.0497926	-0.0969463	-0.112752	-0.00178364	-0.0449363	0.429528
Q	-0.498361	0.17922	-0.348371	-5.80357e-05	-0.0224312	-0.0716972	0.000402401	-0.0119598	0.208021
R	-0.4336	0.400112	-0.514595	0.0204578	0.00597954	-0.052029	0.00790432	0.00473943	0.122577
S	-0.421226	0.115023	-0.169785	-0.0111419	-0.0164571	-0.0550711	-0.0010892	-0.0139207	0.200258
T	0.0899729	-0.178371	-0.0919284	-0.0146805	-0.0149444	-0.0387856	-0.000744244	-0.0118545	0.466116
V	-0.923499	-0.538457	-0.294186	-0.00368972	-0.0181828	0.0515472	-0.00182471	-0.00241518	0.134538
W	-0.403933	0.819717	0.446942	-0.00430252	0.0714972	0.0233266	-0.00165136	0.0174811	0.890512
Y	0.0529132	1.11365	0.623265	0.0118037	0.0654087	0.0753244	0.000949003	0.0197818	0.641048


4.11779
