NumCols:	10
A	-0.334287	-0.460113	0.0308949	-0.00656907	-0.319529	-0.00942985	-0.011797	0.0209802	0.0267923	0.615855
C	0.0552271	0.023193	-0.0346644	-0.00314202	-0.0325385	0.00143456	-0.00110681	-0.0146342	0.00258473	0.252977
D	0.373213	0.176365	0.00464	-0.00532573	0.185059	0.0102146	0.0167277	-0.00349306	0.00927297	0.115181
E	0.209829	-0.0174457	0.00637553	-0.00464241	0.156651	0.00889562	0.0101538	-0.00297604	0.00895586	0.246097
F	-0.179311	0.157418	-0.110663	0.00058847	-0.446755	0.0038076	-0.00843876	-0.103465	-0.024033	0.0143515
G	-0.159848	-0.211907	-0.000422679	-0.00123618	-0.0177997	0.0135995	-0.000743056	0.0219736	0.00717627	0.087324
H	0.0949492	0.0948215	0.0170294	0.0106482	-0.140685	-0.00692231	0.00869915	-0.00912294	-0.00562413	-0.413454
I	0.139959	0.0768754	-0.0290004	-0.00381802	-0.166241	0.00229328	-0.0195596	-0.0278778	-0.013781	-0.0360046
K	-0.0340534	0.558946	0.0588336	0.0153747	-0.0379148	-0.00764261	0.00173856	0.0514573	0.00112412	-0.818912
L	-0.186027	0.0946181	-0.0292144	0.00111881	0.100328	0.0107818	-0.00980419	-0.0110497	-0.0181021	0.128438
M	-0.0963837	0.176125	-0.0317488	0.00159694	-0.0987972	0.0022495	-0.00818505	-0.0027238	-0.0135237	-0.139869
N	0.300114	0.137609	-0.00593283	0.000337327	0.208933	0.0139081	0.00726268	0.012307	0.000127932	-0.0807617
P	0.754496	0.299451	0.00316009	-0.0127208	0.421575	0.0285558	0.00875634	0.00714415	0.021025	0.353671
Q	-0.0583163	-0.132234	0.0411569	-0.00205353	0.302721	-0.00593116	0.00457663	0.0492594	0.00683942	0.143713
R	-0.104515	0.636469	0.0741622	0.0169138	-0.110328	-0.0163895	0.0109593	0.0616915	0.00399563	-0.23175
S	-0.399077	-1.15841	0.0591017	-0.000321662	-0.0216433	-0.0322437	-0.00237389	0.0640453	0.0144747	0.0299869
T	-0.283726	-0.666732	0.0485305	-0.00256639	0.148517	-0.0233169	-0.00148075	0.01634	0.0125944	0.109743
V	0.0268777	0.115045	-0.00307361	-0.00405861	0.0545112	-0.00420359	-0.0139097	-0.0233363	-0.00332173	0.166871
W	0.121621	0.296235	-0.0414558	-0.00241181	-0.0109124	0.00540987	0.00322846	-0.0532745	-0.0149162	-0.156293
Y	-0.240743	-0.196325	-0.057709	0.00228793	-0.175151	0.00492954	0.00529615	-0.0532453	-0.0216615	-0.387161


4.09971
