NumCols:	9
A	0.188922	1.09951	-0.0767181	0.199211	0.285037	0.0727922	0.265199	0.00356394	-0.132472
C	0.180757	-0.115329	0.406788	-0.038524	0.0239752	-0.30088	-0.0763585	-0.0203835	0.0110551
D	0.580866	-0.250455	0.576156	-0.0284047	0.312542	0.13689	-0.197578	0.0454342	0.00044647
E	0.508815	-0.151926	0.201416	0.00769776	0.325291	0.314887	-0.0586552	-0.0101122	-0.0583536
F	0.0957849	-0.740321	-0.404691	0.00717421	-0.261251	-0.0710166	-0.126612	-0.222758	0.0787482
G	0.210519	0.0400809	0.550073	0.0465432	-0.0542643	0.268816	0.123796	0.0222318	0.0115856
H	-0.223271	-0.0285079	-0.22814	0.0114999	-0.112351	-0.0904651	-0.239689	0.0274018	0.114824
I	-0.00137996	0.188101	0.422258	0.0504998	0.107958	-0.125517	0.181106	0.144551	-0.0599117
K	-0.912006	0.848368	0.584163	0.371374	0.169859	-0.0705476	0.271764	0.26321	0.125243
L	-0.202577	0.0978146	-0.689678	0.0843193	0.0744211	0.115672	0.0270006	-0.0649373	-0.223459
M	-0.229212	-0.212119	-0.222357	-0.155693	-0.019809	-0.0599738	-0.0422436	0.0697253	-0.0915019
N	0.063851	-0.452224	0.0804719	-0.0738901	-0.129257	-0.042683	-0.344626	0.0230351	0.00462005
P	0.750607	0.253031	0.0828839	0.00155227	0.227187	-0.13185	-0.122099	-0.212055	-0.0618854
Q	0.0814235	-0.249044	-0.061772	-0.0770769	0.0393902	0.385036	0.132243	-0.0191298	-0.063431
R	-0.778437	1.05298	-0.0218264	0.218904	0.312972	-0.494927	0.264943	0.121316	0.187545
S	-0.442488	0.215893	-0.0905736	-0.172118	-0.282063	0.124764	0.187496	-0.0688749	0.0258974
T	0.128148	0.121647	-0.0601454	-0.0584592	-0.254283	0.19926	0.159345	-0.00490145	3.32835e-05
V	-0.0991414	0.436362	-0.454977	0.111774	0.124956	0.0739796	0.128751	0.14231	-0.120628
W	0.217244	-1.48274	-0.197372	-0.421387	-0.521047	-0.152913	-0.430264	-0.0204077	0.0929486
Y	-0.118426	-0.671115	-0.39596	-0.0849961	-0.369263	-0.151322	-0.103519	-0.219219	0.158695


3.75039
