NumCols:	10
A	0.171379	0.15711	-0.271849	-0.0610328	-0.317723	0.13589	0.11049	-0.0523388	0.118931	-0.321439
C	0.0521005	0.0434206	-0.14533	-0.102571	0.0577487	0.00918756	0.225979	0.0352968	0.0740846	0.152884
D	0.500579	-0.0606637	0.111727	-0.00792427	0.346013	0.0188261	0.0562322	0.0759291	0.212578	0.197041
E	0.347754	0.0438455	0.244812	-0.090735	0.0683603	-0.0183898	0.502193	0.0669258	0.134363	0.0533072
F	-0.0016643	0.26067	-0.190655	-0.068543	-0.350825	0.00682459	-0.246321	0.0943192	-0.0580134	0.0831979
G	0.199771	-0.120636	0.167992	0.102158	-0.0101837	0.119354	-0.339525	-0.0134227	-0.0399256	0.0386404
H	-0.106155	-0.281399	-0.00180366	0.0732711	-0.0912595	-0.00291122	0.00344293	0.0288188	-0.0715127	0.489756
I	-0.330618	0.563143	0.00799505	-0.0143372	-0.125247	0.00825616	0.081235	-0.010694	-0.0734191	-1.78471
K	-0.445271	-0.138126	0.346761	0.352072	-0.00408629	0.11404	-0.112958	-0.0515101	-0.0881141	-0.0666238
L	-0.346007	0.301054	0.113688	-0.0174518	-0.14602	-0.063334	-0.0926077	-0.058495	-0.0647135	-0.56305
M	-0.393254	0.213367	0.0176858	0.0192208	-0.0114127	-0.0120796	0.0655132	-0.0489961	-0.0460558	-0.356834
N	0.251808	-0.196612	0.0412898	-0.0957319	0.171085	-0.0769043	-0.179726	0.00482649	0.0468866	0.391187
P	0.887791	0.0815088	0.102123	-0.0526286	0.280744	-0.0442994	0.0337977	0.043351	0.14481	0.0421743
Q	-0.109357	-0.104502	0.216441	-0.109787	0.335193	-0.0613862	0.396115	-0.0477455	0.0354012	0.20985
R	-0.411305	-0.254061	0.0925218	0.338232	-0.106885	0.19215	-0.132583	-0.0390996	-0.0979723	0.324218
S	-0.160072	-0.659295	0.0273431	-0.0575869	-0.144785	-0.0674295	0.0145252	-0.175204	-0.103426	0.155258
T	0.0956787	-0.314477	-0.048837	-0.106466	-0.090233	-0.0880968	-0.0131762	-0.0847695	-0.0560273	0.145897
V	0.0502815	0.369675	-0.0407886	-0.0559952	-0.0923066	-0.0782418	0.0220334	0.0343921	-0.0589241	-0.45522
W	-0.0323831	0.0397646	-0.28693	-0.136812	0.262059	-0.107188	-0.315658	0.110084	-0.00205207	0.696553
Y	-0.221055	0.0562113	-0.504188	0.0926499	-0.0302365	0.0157318	-0.0790022	0.0883321	-0.00689819	0.567918


4.29064
