NumCols:	11
A	-0.815508	0.252324	0.268587	-0.437952	-0.00659534	0.103214	0.097258	0.0965593	-0.39589	0.123945	-0.213166
C	-0.159386	0.0294507	-0.140497	0.0866849	-0.0183387	-0.0512038	-0.00658793	-0.00801155	-0.0307876	0.0423771	0.138021
D	0.443974	-0.0113324	0.417553	0.071721	0.00436732	0.0195468	0.0940088	-0.00315724	0.121693	0.0483766	0.0544196
E	-0.137216	0.0157711	0.156963	-0.078739	0.0256285	0.0251979	0.0956684	0.00251056	0.0524651	-0.0895143	0.018317
F	-1.03012	0.0641968	-0.698723	0.326562	-0.122373	-0.344882	-0.149659	0.00712151	-0.078381	-0.170139	0.754704
G	0.15247	-0.0140673	0.193905	-0.0382462	-0.00272286	-0.0137133	0.0611571	0.00801187	-0.267076	0.102167	0.0747677
H	0.0747853	-0.116409	-0.157759	0.342933	-0.0602814	0.0302437	-0.118879	-0.0498435	0.352607	0.0633948	0.396604
I	-0.0419044	0.123009	-0.618657	-0.300913	0.00179912	-0.196903	-0.218459	0.0414307	-0.177842	-0.134266	-0.981758
K	0.288239	-0.0377503	0.248499	-0.337852	0.0166177	0.224775	-0.0867657	-0.00999347	0.0098921	-0.0728109	-0.0183867
L	-0.318235	0.0664584	-0.0991909	-0.25459	0.0359917	-0.0798997	-0.112119	-0.000435016	-0.223775	-0.421016	-0.31002
M	-0.517275	-0.0182903	-0.209776	0.0967151	0.00661269	-0.0794065	-0.117338	-0.0138214	-0.24051	-0.133644	-0.160035
N	0.649274	-0.109949	0.359213	0.471757	0.0290573	0.00470861	0.105535	-0.0475654	0.0636503	0.250391	0.149023
P	1.26891	0.0778401	0.363264	-0.424464	0.00629905	0.267623	0.194854	0.0589983	0.0060348	0.122616	-0.217533
Q	0.496834	-0.101497	0.272382	-0.205527	0.0494701	0.163435	0.162581	-0.0207883	-0.0921319	0.0722847	-0.133211
R	-0.329302	-0.0836086	0.122296	-0.0257669	0.00281559	0.267296	-0.100699	0.0102757	0.388619	-0.0214007	0.260602
S	0.626394	-0.189571	0.0976962	0.233335	0.021739	0.01918	0.107923	-0.0165305	0.0643781	0.166545	-0.0825611
T	0.801116	-0.0353638	0.174017	0.0485143	0.038551	-0.0374661	0.129929	-0.0150952	0.209482	0.108585	-0.164835
V	0.019363	0.159947	0.155154	-0.217922	0.0320141	-0.0488969	0.0263439	0.0327841	-0.0415132	-0.0715217	-0.506416
W	-0.572364	-0.0615719	-0.30702	0.347225	-0.0232924	-0.151479	-0.0711638	-0.0566116	0.169432	0.041998	0.280025
Y	-0.900048	-0.00958809	-0.597907	0.296525	-0.0373594	-0.12137	-0.0935884	-0.015839	0.109652	-0.028368	0.661439


3.27959
