NumCols:	9
A	-0.494238	-0.290303	-0.0765061	-0.123923	0.297659	0.0863084	0.268264	0.233266	0.36184
C	-0.43912	0.181784	-0.00670397	-0.0235795	-0.0660236	-0.0497267	0.00333902	-0.142455	0.0475359
D	-0.286399	0.101264	0.132019	0.155228	-0.0699875	0.0069596	0.0546939	-0.123256	0.0999345
E	-0.308505	0.196915	0.0344764	0.199347	-0.0123728	-0.0408662	0.0424915	-0.0293906	0.22001
F	0.206322	0.0877594	-0.522287	-0.137428	-0.327253	-0.474472	-0.421316	-0.0346129	-0.0629996
G	-0.333361	-0.216498	0.217176	0.0862972	0.100831	0.0349739	0.127457	0.110608	0.0602081
H	0.193916	0.378349	0.0621774	0.0674708	-0.239677	0.0927503	-0.159414	-0.116359	-0.521996
I	-0.305704	-0.171414	-0.352421	-0.5341	-0.0117708	-0.183273	-0.179182	0.131518	0.206958
K	-0.0308732	0.562432	0.112501	-0.101409	0.0973796	0.226729	0.0536157	0.184576	-0.801572
L	-0.017742	0.425935	-0.319237	0.124443	0.0145648	-0.106915	-0.220295	0.0305692	0.364624
M	-0.052075	-0.418914	-0.2477	0.00833715	-0.0843242	-0.218912	-0.231646	0.0213872	0.137968
N	0.444324	-0.0882875	0.161943	-0.111005	-0.156012	0.108945	0.10554	-0.107894	-0.0115102
P	0.859206	0.459252	0.48426	-0.188692	0.310025	0.0547782	0.151637	-0.00831487	0.325955
Q	-0.344858	0.0925464	0.285675	-0.252984	0.127301	0.110672	0.25604	0.0228772	0.194266
R	-0.000811493	0.908217	0.273519	0.0844795	0.0249149	0.30708	0.137733	-0.024918	-0.66908
S	-0.453846	-0.888978	0.191445	0.120575	0.0618029	0.209528	0.258864	0.0635696	0.00924767
T	0.194338	-0.809362	0.0505017	0.291165	0.204087	0.146267	0.186758	0.0364522	0.127368
V	0.192264	-0.409885	-0.208721	0.150992	0.210939	0.00610747	-0.0419506	0.267611	0.289316
W	0.463245	-0.0477956	-0.0665518	0.161257	-0.244907	-0.152362	-0.107613	-0.280906	-0.0997952
Y	0.513917	-0.0530185	-0.205565	0.0235281	-0.237176	-0.164573	-0.285017	-0.234328	-0.278279


4.2323
