NumCols:	9
A	0.308904	0.802805	0.0144283	-0.0200151	0.0331778	0.0278067	-0.00695506	0.0451963	0.215727
C	-0.0744296	-0.260806	-0.0556954	-0.0172354	-0.0784103	-0.00278222	-0.1202	-0.0277832	0.162506
D	0.157489	-0.158922	0.0642434	0.0142186	0.0279196	0.00896121	0.116668	0.0512971	0.115733
E	0.199237	0.334462	0.00827652	0.0180266	0.00350542	0.0188123	0.0690827	0.01189	0.241741
F	-0.00365357	-0.226556	-0.206263	-0.0145717	-0.253143	-0.0286576	-0.284751	-0.13015	0.487489
G	0.196397	0.303326	0.0192278	-0.0212845	0.0100953	0.0104077	-0.00091357	0.0317306	0.0451349
H	-0.385331	-0.542742	0.0267544	-0.00259889	-0.0258603	-0.0188732	0.0160151	-0.019779	-0.508558
I	0.052484	-0.198949	-0.0944385	0.00440373	0.0164272	-0.00595996	-0.197653	0.00902149	0.49799
K	-0.63905	0.269548	0.0620464	-0.0209129	0.0430753	-0.0144207	0.0676402	0.0605444	-0.967743
L	0.109926	0.248596	-0.0185894	0.00637989	-0.019604	0.00790914	-0.144361	-0.0287552	0.498727
M	-0.147833	-0.549866	-0.0157838	0.00653169	-0.00171679	-0.0149736	-0.0571647	-0.0302991	0.272009
N	0.00824236	-0.282359	0.0680508	0.0234736	-0.00776769	-0.00237255	0.0656925	-0.0263125	0.0288835
P	0.589692	0.349401	0.0140736	0.00327074	0.139678	0.0233635	0.13907	0.0348377	0.02107
Q	0.112323	0.188465	0.0740489	-0.00322128	0.0974234	0.0197455	0.230002	0.0476887	-0.109763
R	-0.52063	0.399259	0.069807	-0.00143341	0.0467641	-0.0165373	0.275325	0.101727	-1.47731
S	-0.0396721	0.550765	0.0970644	0.00928697	0.128975	0.019443	0.211227	0.067365	-0.168824
T	0.131995	0.507074	0.091124	-0.00101272	0.117182	0.00740608	0.115136	0.065762	0.0975684
V	0.286539	0.561399	0.00198536	0.0130175	0.0583824	0.0100553	-0.090915	0.0452791	0.520212
W	-0.146998	-1.23518	-0.0974543	0.00302122	-0.113436	-0.0224856	-0.162882	-0.0843272	0.140469
Y	-0.195629	-1.05972	-0.122906	0.000655443	-0.222668	-0.0268477	-0.240064	-0.224934	-0.113065


3.83223
