NumCols:	9
A	-0.551086	0.381047	0.0166386	0.0123561	0.183466	0.171954	0.270786	-0.130669	-0.958192
C	-0.153984	-0.0545659	0.00204547	-0.0342477	-0.0831702	-0.0730289	-0.0758585	-0.00520289	-0.0835418
D	0.100235	0.0554486	0.0264315	0.00751335	0.140662	0.180442	0.035389	0.0268044	0.514487
E	-0.485634	0.0891669	0.0245859	0.0240909	0.0401997	0.0715829	-0.0199225	-0.0425958	0.463815
F	0.00893456	-0.453474	-0.0402085	-0.122696	-0.220413	-0.420318	-0.407957	-0.10535	-1.04266
G	0.145144	0.0163362	0.0399167	-0.0478235	0.234768	0.162309	0.173849	0.0743303	0.279083
H	0.0524304	-0.155769	0.0202515	0.0431414	-0.00658687	0.00983595	-0.113844	0.0339515	1.05427
I	0.253186	-0.0440377	-0.119491	-0.0353063	0.0547613	-0.267824	-0.124906	0.0484433	-0.921748
K	0.252203	0.0623418	0.00353838	0.133497	0.1498	0.0580745	0.151935	-0.0337293	-0.33468
L	0.0470206	0.0655712	-0.0647684	0.042085	0.00420008	-0.340465	-0.327908	-0.120987	-1.37274
M	-0.00602727	-0.125811	-0.0489446	0.0155152	-0.0246513	-0.210598	-0.132452	0.0346167	-1.65204
N	0.0592961	-0.0437204	0.0283798	0.00055835	-0.11248	0.110718	-0.014193	0.0472788	0.485778
P	0.336614	0.47691	0.0261898	0.0759443	0.110423	0.19984	0.212473	0.0444972	1.22364
Q	-0.351331	0.204048	0.0474464	0.0513386	0.084963	0.179452	0.12041	0.0441998	1.22114
R	0.146748	0.0752781	0.0397733	0.155042	0.0722188	0.0200772	0.20877	0.0592031	1.20252
S	-0.563135	0.145153	0.0529158	-0.045848	0.157195	0.311557	0.266421	0.0197363	0.812284
T	0.080981	0.160464	0.0265796	-0.0312445	-0.0395437	0.259088	0.199566	0.0391018	0.0640091
V	-0.069513	0.205179	-0.0588644	-0.0241104	-0.0257623	-0.0369865	0.0644846	0.00543155	-1.62098
W	0.438738	-0.336501	-0.0208834	-0.105391	-0.453768	-0.18428	-0.248401	0.0673987	0.337717
Y	0.25918	-0.723065	-0.00153284	-0.114415	-0.266281	-0.20143	-0.238642	-0.106459	0.327854


5.03167
