NumCols:	10
A	-0.088437	0.00583005	-0.0534993	0.116928	-0.29697	-0.24428	0.00369596	-0.0256564	-0.122125	-0.00210886
C	0.000742563	0.00340025	-0.0113576	-0.0461307	-0.646388	-0.165283	0.0189485	-0.0241883	0.0132605	0.0635883
D	0.435613	-0.0455232	-0.0146418	-0.0803357	-0.0627009	-0.169681	0.00579918	-0.16347	0.0741452	0.0270002
E	0.321827	0.0285049	-0.0391449	-0.0742787	-0.230888	-0.116935	0.00761144	-0.071355	-0.175989	0.00055785
F	-0.12292	0.00810871	0.00725177	-0.0201091	0.0153772	-0.350077	-0.0180271	-0.696269	-0.0621615	0.0276523
G	-0.00961233	0.00100552	-0.0283055	0.0236349	0.0965606	-0.110152	0.0120888	0.154048	0.14171	0.0347225
H	-0.21486	-0.00561583	0.0213005	0.0392547	0.284513	0.1672	0.0195866	0.0646842	0.410437	0.146134
I	0.0173215	0.00903717	0.00191086	0.00935218	-0.852594	0.0886942	-0.0266029	-0.274541	-0.357879	-0.221948
K	-0.166634	-0.00595376	0.0650017	0.0965587	0.52819	0.169668	-0.00956826	0.386701	0.23412	0.0652822
L	-0.0673887	0.0173503	-0.0151931	0.00385104	0.235493	0.162308	-0.0123632	-0.286028	-0.447996	-0.129063
M	-0.117554	0.00402521	-0.00776804	0.0161377	-0.113807	0.073909	0.0022301	-0.259589	-0.0531401	0.0231031
N	-0.0236458	-0.00757197	-0.00965531	-0.0216867	0.137701	0.192727	0.0193888	0.0542909	0.332742	0.0445142
P	0.515728	-0.00978568	0.0618474	-0.0112531	-0.0237616	0.270811	-0.017317	0.402922	-0.160302	-0.0719748
Q	0.114069	0.0130419	-0.0204488	-0.0364751	0.301423	0.143342	0.0222984	0.339625	0.0642815	0.0180166
R	-0.146821	-0.00595669	0.0775716	0.0679231	0.676695	0.175272	0.0120112	0.427855	0.438823	0.181169
S	-0.126393	-0.00380645	-0.0420273	0.0217199	-0.286313	-0.02058	0.0331421	0.175796	0.324232	-0.00363473
T	0.0708181	-0.00555245	-0.0306329	-0.0147791	0.0839294	-0.0734986	-0.000516502	0.212959	-0.00496528	-0.118923
V	-0.00760475	0.00705624	-0.00750764	0.0217474	0.0121011	0.0841649	-0.0311966	-0.117686	-0.362506	-0.397093
W	-0.00902153	-0.0075809	0.0218178	-0.092786	-0.319023	-0.140074	-0.0188241	-0.119744	0.00192303	0.0921544
Y	-0.375226	-1.32881e-05	0.0234805	-0.0192735	0.460462	-0.137535	-0.0223854	-0.180355	-0.288609	0.220851


3.84124
