NumCols:	9
A	0.379736	0.632503	-0.240173	-0.00148298	-0.162898	-0.29076	0.252428	-0.2095	0.761533
C	-0.679034	-0.0747126	-0.175425	-0.217079	-0.138287	-0.0341664	-0.225835	0.0189784	0.17608
D	0.590583	0.0352658	0.136021	0.36019	0.0853583	-0.0129339	0.117704	0.141902	0.136457
E	0.654199	-0.0440828	0.0822657	0.597814	0.162589	-0.154002	0.0543937	0.21787	0.256817
F	-0.0687674	-0.810719	-0.543471	-0.378133	0.0435754	0.301696	-0.81482	0.0521777	0.152868
G	-0.238267	0.110716	-0.192397	-0.322997	-0.0711641	-0.0816419	0.233872	0.160251	0.124358
H	-0.727127	-0.0917539	0.225909	-0.243204	-0.155905	-0.0522162	-0.0363418	-0.213945	-0.613357
I	0.472744	-0.317912	-0.0967003	-0.380159	0.3171	0.42574	-0.196642	0.492382	0.486207
K	-0.521218	0.0624262	0.0816711	-0.0494502	0.101348	0.000776668	0.101879	0.0323693	-0.994261
L	0.187116	-0.425881	0.125987	0.283377	0.156817	-0.0315237	-0.200867	-0.392498	0.345847
M	-0.0566545	-0.0369127	-0.205651	-0.0250414	0.125589	0.424982	-0.234158	0.113901	0.194098
N	0.25384	-0.00186445	0.0973806	-0.146654	-0.219886	0.038064	0.032284	0.0704614	-0.0641204
P	0.483389	0.286692	0.242352	0.0867622	0.108648	-0.363827	0.45005	0.114565	0.219603
Q	0.112017	0.174634	0.32109	0.468371	0.176286	-0.110203	0.375048	0.114166	-0.0744164
R	-0.261141	0.143182	-0.14146	0.232246	0.051525	0.00927991	0.477842	-0.515727	-1.40485
S	-0.0355087	0.476873	0.187605	0.00361516	-0.0171266	0.0125239	0.241134	-0.0050528	-0.0191405
T	0.114154	0.319176	0.213552	0.00843789	-0.127403	-0.10214	0.238778	-0.0464594	0.206738
V	0.241299	0.18714	0.132159	-0.150633	-0.0530625	-0.12969	0.237994	0.162461	0.537085
W	-0.802956	-0.294923	-0.0438732	-0.320168	-0.131076	0.0769981	-0.486473	0.0735367	-0.105213
Y	-0.0984017	-0.329846	-0.206841	0.194189	-0.252025	0.0730435	-0.618271	-0.381839	-0.322329


4.48085
