NumCols:	11
A	-0.486231	-0.41042	0.464655	0.109176	-0.0462851	0.969808	0.0410123	0.234976	7.77484e-05	0.0625375	-0.965209
C	0.479672	0.320256	0.169578	0.0442495	0.0208373	-0.362479	-0.00823487	0.0748674	-0.000114753	0.0343228	0.53268
D	0.435932	1.31272	0.345027	0.13279	-0.0314224	0.0553207	-0.011158	0.199846	-0.000733165	-0.088945	0.986892
E	0.492962	1.03581	0.218356	0.178068	-0.00157652	-0.0926844	0.00615846	0.221658	-0.00181704	-0.0252265	1.11242
F	0.0527659	-0.975629	-0.428613	-0.0806948	-0.0431326	-0.500169	-0.0327994	-0.142983	-0.00346832	0.156976	-0.353642
G	0.123282	0.235171	0.259736	-0.0587917	-0.0296906	-0.0431868	0.0134658	0.0471628	0.000693245	-0.0303517	0.454199
H	-0.319238	0.676487	0.0260183	-0.184909	0.0487118	-0.721342	-0.0472853	-0.151432	0.00145424	-0.0188734	1.75158
I	0.167978	-0.439382	-1.03593	0.101383	-0.00799874	0.202005	0.0781875	-0.0041797	-6.58533e-05	0.27277	-1.52086
K	-0.520456	0.58215	0.116396	0.18128	0.105616	-0.370851	-0.00521281	-0.0694587	0.0071546	0.139895	0.344051
L	-0.11737	-0.0401919	-0.494362	0.182428	0.0740193	0.285015	0.0161604	-0.150552	-0.00287777	0.181931	-1.52906
M	-0.383005	-0.678541	-0.562009	-0.102974	0.0292465	0.11724	-0.0234172	-0.150072	-0.00221687	0.11834	-1.89371
N	-0.104879	-0.193141	0.0863181	-0.0423544	-0.00106231	-0.0625944	-0.02868	0.000830858	-0.00224776	-0.118086	0.540029
P	0.658942	1.30678	0.811482	0.00952914	-0.0595138	0.0627081	0.0290627	0.148569	0.00196443	-0.264126	0.705881
Q	0.0134086	-0.0159885	0.0841896	-0.0571861	0.0251122	0.162354	0.00409839	-0.0328045	-0.00113041	-0.180105	0.388426
R	0.00565807	0.835078	0.297058	-0.0265846	0.131914	0.407164	-0.028887	-0.106582	0.0106469	0.0470932	-0.938122
S	-0.576652	-0.243442	0.350112	-0.197962	-0.0586439	-0.0713484	0.0199383	0.110611	0.000118859	-0.14168	-0.104173
T	-0.350655	-0.0933333	0.247476	-0.100464	-0.0602321	0.291631	0.0287858	-0.0326987	-0.00146235	-0.129938	0.231815
V	-0.139516	-0.511586	-0.248181	0.0869359	-0.0282928	0.738213	0.0529905	-0.0181046	-0.00148954	0.12033	-1.50884
W	0.377826	-1.49198	-0.270462	-0.163229	-0.0481536	-0.608099	-0.0480238	-0.122665	-0.00070937	-0.0408986	0.411286
Y	0.189575	-1.21082	-0.436847	-0.0106892	-0.0194526	-0.458704	-0.0561619	-0.0569893	-0.00377681	-0.0959661	1.35435


5.4525
