NumCols:	10
A	-0.0323787	-0.126421	-0.000248265	-0.0534673	-0.179525	0.00231654	0.032029	0.161794	-0.235965	0.211629
C	0.10491	-0.0403089	-0.00133664	0.0071038	0.00837786	-0.000445377	0.0131621	-0.0455329	0.0368032	-0.0727165
D	0.661231	-0.203827	0.00159506	0.018838	0.0582415	-0.00011223	0.0673879	-0.0171452	0.318468	0.00417813
E	0.18864	0.0378738	0.000742404	0.020202	0.311267	0.000707605	0.0406605	0.00252649	-0.224074	-0.187507
F	-0.497557	0.262127	-0.000748773	0.0101342	-0.0839815	0.00277904	-0.0522631	0.10496	-0.0915435	-0.727362
G	0.48527	-0.0609017	-0.00049937	-0.022589	-0.170668	-0.0024183	0.0102288	-0.029254	0.104654	0.0191514
H	0.0378887	0.0582786	-9.50463e-06	0.0527892	-0.0666954	-0.00116185	0.00735107	-0.128046	0.351381	0.0854693
I	-0.426197	0.476161	-0.000851796	-0.0342988	-0.197533	0.00254483	-0.120543	0.246754	-0.686637	-0.150616
K	-0.182582	0.0350051	-0.00100964	0.0346983	-0.174359	-0.000329314	0.0323898	-0.0804826	0.68517	0.389431
L	-0.408752	0.407823	0.000491185	0.00840641	0.16667	0.00136656	-0.162286	0.0532195	-0.138883	-0.793995
M	-0.484192	0.615974	-0.00091146	0.0100987	0.0468277	0.000302787	-0.0936123	0.0615462	0.0608368	-0.573403
N	0.317539	-0.00932761	0.000166681	0.0201415	0.107644	-0.00255015	0.0261551	-0.00113143	0.0812076	-0.0937888
P	0.603748	-1.75381	-0.000820021	-0.0208347	0.196952	0.000574562	0.118734	0.133447	-0.228392	0.271051
Q	0.188423	-0.192482	-0.000476121	0.00947489	0.361681	-0.00186878	0.0891193	-0.0661342	0.104508	-0.0785579
R	-0.151877	-0.149716	-0.00317478	0.0267626	-0.138132	-0.000149264	0.088848	-0.120461	0.585092	0.420521
S	-0.0877705	0.250609	0.00116927	-0.0310635	-0.0897737	-0.00172168	0.00718527	-0.0454259	-0.237316	0.281043
T	0.0133571	0.0986646	0.00254052	-0.0374113	-0.0147467	-0.000914253	-0.0222133	-0.17612	0.0186504	0.362694
V	-0.140264	0.334812	0.00151527	-0.0597877	-0.16722	0.00194655	-0.108142	0.0604896	-0.47311	0.339912
W	-0.0563246	0.0544171	-0.000500635	0.0151881	0.0467104	-0.000751406	-0.00221567	-0.072095	0.144551	0.0380756
Y	-0.133114	-0.0949481	0.00236661	0.0256145	-0.0217372	-0.000115875	0.0280235	-0.0429082	-0.175401	0.25479


3.9046
