NumCols:	9
A	-0.0445595	-1.01202	-0.13518	-0.0613876	-0.178853	0.0466677	-0.0305612	0.167076	0.0559268
C	-0.513097	0.339187	-0.238461	-0.012468	-0.0536389	0.000661961	-0.00410508	0.069352	0.0964288
D	0.840817	0.228986	0.148625	0.00428648	-0.0298653	-0.000168682	0.031467	0.411497	0.412298
E	0.619796	0.446727	0.19414	0.00543501	0.0707587	0.0123698	-0.0123344	0.104769	0.306918
F	-0.420206	0.980485	-0.557181	0.0967232	-0.240274	-0.0140744	-0.0392051	-0.131196	-0.305252
G	0.201482	-0.225387	0.174972	0.0574792	0.013998	-0.0183203	-0.113013	0.133309	0.37807
H	-0.362843	0.245011	0.0279951	0.0309518	0.00375066	-0.0343969	-0.0344855	-0.0648731	0.544921
I	0.0067706	-0.141826	0.0422335	0.0118873	-0.141582	0.0469529	0.0768347	-0.120372	-2.46291
K	-0.530789	0.110168	0.733534	0.0785916	0.218178	0.060437	0.0125548	0.0690699	0.370436
L	-0.302218	0.187442	0.0510698	0.102199	0.134695	0.0457961	0.0929407	-0.0688009	-1.12971
M	-0.674221	0.113737	-0.209672	0.0738733	0.0942197	0.031403	0.111741	0.0550816	-0.916916
N	0.541258	0.45963	-0.0783612	-0.00695462	0.0939897	-0.018084	0.0682372	0.176298	0.125793
P	1.01791	0.169865	0.0816147	-0.233622	-0.282975	-0.00727493	-0.0548172	-0.0068433	0.710206
Q	0.246283	-0.145992	0.0299833	-0.0764838	0.156032	-0.0214223	0.00978446	-0.120711	0.399298
R	-0.781644	0.047235	0.21734	0.0362233	0.0795549	-0.0283546	-0.112865	0.0339188	0.824261
S	-0.188872	-1.46791	0.128816	-0.0874035	0.0145373	-0.0433261	-0.115463	-0.32577	0.593399
T	0.277131	-1.53773	0.160168	-0.0748274	-0.0129554	-0.0289923	-0.0181586	-0.205929	0.455783
V	0.192795	-0.531279	0.40215	0.00561685	-0.0416947	0.0505972	0.0527933	-0.125246	-0.633729
W	0.0401018	0.645825	-0.48646	-0.00225339	0.0181434	-0.0448324	0.0434736	-0.186507	0.161795
Y	-0.165897	1.08785	-0.687328	0.0521328	0.0839808	-0.0356388	0.0351817	0.135878	0.0129801


5.624
