NumCols:	10
A	0.259035	0.399103	0.0673312	-0.204717	-0.0683732	-0.203267	0.0176392	0.108294	-0.363142	0.753204
C	0.0283145	0.00204939	-0.0852838	-0.217085	-0.0526835	-0.0511386	-0.0036795	-0.0706094	-0.0972181	0.15678
D	0.317324	0.0383548	0.031464	0.0775815	0.0754227	0.0230297	0.00712376	0.0586638	0.588267	0.113209
E	0.717749	-0.0104509	0.031838	0.112086	0.126767	0.0367368	0.0174004	0.0123021	0.156934	0.173106
F	0.150364	-0.322101	-0.187898	0.00105878	-0.190609	0.0737463	-0.0344781	-0.243858	-0.230789	0.044643
G	0.177821	0.071084	0.0148499	-0.0565171	-0.0232216	-0.0470808	0.0360949	0.0838302	0.261775	0.134913
H	-0.299615	-0.180105	0.00651514	-0.0855113	-0.00909624	0.084334	-0.00871484	0.0285769	-1.03492	-0.357048
I	-0.17008	0.180856	-0.0265617	0.027821	0.0221445	0.101473	-0.0376454	-0.165565	0.758715	0.171542
K	-1.11279	-0.0429306	0.0196353	-0.128368	0.0152408	0.0185323	0.0090209	0.22046	-0.076885	-0.66449
L	0.20095	-0.298761	0.0241191	0.139446	0.062033	0.12837	-0.03632	-0.131345	-0.502545	0.0259187
M	-0.114103	-0.297559	-0.0336873	0.105217	0.0146772	0.104031	-0.0338887	-0.078851	0.213108	-0.100168
N	0.408769	-0.119737	0.0341187	0.0514446	0.057943	0.0483373	7.38603e-05	0.0478541	-0.195963	-0.0878516
P	0.515177	0.263046	0.0418769	-0.0897703	0.14432	-0.188778	0.0407785	0.102533	0.0588275	0.258415
Q	0.260249	-0.0145547	0.126974	0.202886	0.131978	-0.0463936	0.0276479	0.0162618	0.161905	-0.0923305
R	-0.951838	-0.0579062	-0.0112897	-0.25842	-0.0400843	-0.0495483	0.0284812	0.191876	0.367449	-0.834129
S	-0.0940152	0.171834	0.0924218	0.131034	-0.0639597	-0.0612171	0.0333869	0.109824	0.162507	0.0539297
T	0.0464403	0.280774	0.126368	0.21217	-0.0365787	0.020564	0.0182479	0.0419036	0.173782	0.208564
V	0.186425	0.268903	0.0564328	0.0564888	-0.0127312	-0.00437826	-0.0179912	-0.0479698	0.175605	0.343111
W	-0.439994	-0.141735	-0.170748	-0.00433825	-0.0895942	0.00291516	-0.019565	-0.186225	0.0818083	-0.137073
Y	-0.0861802	-0.190165	-0.158476	-0.0725047	-0.0635945	0.00973282	-0.0436125	-0.0979567	-0.659226	-0.164247


3.79667
