NumCols:	10
A	-0.166011	0.352914	0.0189515	0.0678794	0.0171908	-0.017782	-0.0150541	-0.202897	0.0970972	0.453369
C	0.0822316	-1.21023	-0.0720816	-0.0864352	-0.00935073	-0.0399339	-0.0170652	-0.00484705	0.0022132	0.194201
D	0.221222	0.618029	-0.0216478	-0.0947893	-0.00621634	0.00935344	0.0532121	0.268669	0.0343498	0.121228
E	0.16775	0.203683	-0.0269237	-0.117978	-0.00562222	0.019193	0.0279613	0.127171	-0.0115762	0.280904
F	-0.148331	-0.684614	-0.118258	-0.110244	-0.0166621	-0.0601282	-0.0657575	-0.299982	-0.0227235	0.254168
G	0.208212	-0.234355	-0.0241261	0.048779	0.00187553	0.0317095	-0.0121225	-0.17192	0.082259	0.0493708
H	0.00143063	0.26612	0.111358	-0.00584897	0.00104849	0.0126325	0.0152232	0.305694	-0.0560444	-0.622587
I	-0.227551	0.217453	-0.11353	0.022016	0.00299558	-0.0919862	-0.0532792	-0.365433	0.0953681	0.815258
K	-0.432992	0.658517	0.145009	0.126719	0.0299663	0.040021	0.0569838	0.712572	-0.0513963	-1.17578
L	-0.148241	-0.524634	-0.0276115	0.120532	-0.00300338	0.0124267	-0.0737136	-0.442334	-0.0485248	0.504654
M	-0.181128	-0.331265	-0.0208629	0.122023	-0.00205073	-0.0276262	-0.0793161	-0.0604108	0.0153708	0.229799
N	0.24992	0.26441	-0.00548925	0.0720785	-0.0102306	0.0203316	-0.0108057	-0.151841	0.00623541	-0.0716487
P	0.403137	0.261222	-0.0746271	-0.027091	0.0181334	0.0303086	-0.0447625	-0.144375	-0.0566079	0.103901
Q	0.23841	0.224015	0.0554675	0.0257148	-0.00686624	0.0657302	0.0511201	0.156993	-0.0589156	-0.06272
R	-0.495277	-0.416659	0.197307	0.0198866	0.0342367	0.0384995	0.110181	1.08726	-0.123328	-1.43462
S	0.122488	0.492066	0.129262	0.127506	-0.00133015	0.0350327	0.022993	0.153442	0.0537211	-0.186428
T	0.0835207	0.989018	0.0991776	0.0579393	-0.00874415	0.0177905	0.0474148	-0.321451	0.050366	0.0600754
V	-0.192742	0.625161	-0.0220968	0.0463396	-0.00669173	-0.0461941	-0.02784	-0.333273	0.0629133	0.403121
W	0.12977	-1.1028	-0.145176	-0.182675	-0.031006	-0.0822052	0.0119243	-0.116641	-0.0392231	0.0581128
Y	0.084182	-0.668054	-0.0841014	-0.232353	0.0023275	0.0328265	0.00270322	-0.196391	-0.0315535	0.0256266


4.07844
